-0.0799267
-5.77346
-13.4722
-15.7145
-14.6306
-12.4224
-10.1873
-8.30855
-6.83014
-5.70344
-4.85484
-4.20908
-3.69861
-3.29572
-2.97152
-2.7123
-2.49975
-2.32083
-2.16769
-2.02458
-1.90144
-1.78752
-1.68794
-1.60069
-1.52314
-1.45619
-1.39195
-1.3339
-1.28127
-1.22977
-1.18267
-1.14128
-1.10656
-1.07126
-1.0323
-0.996332
-0.963541
-0.932931
-0.905278
-0.879036
-0.853528
-0.827489
-0.805087
-0.78706
-0.768209
-0.753995
-0.738264
-0.723351
-0.705315
-0.687192
-0.668883
-0.651082
-0.639398
-0.626709
-0.617944
-0.606853
-0.594816
-0.583868
-0.574202
-0.562372
-0.551137
-0.540764
-0.530206
-0.51865
-0.509483
-0.503108
-0.497075
-0.489046
-0.481076
-0.474014
-0.466679
-0.459864
-0.454448
-0.446534
-0.440896
-0.435133
-0.427464
-0.420603
-0.415882
-0.411255
-0.404643
-0.399321
-0.393808
-0.388219
-0.383945
-0.38018
-0.375573
-0.368926
-0.363929
-0.360226
-0.356939
-0.35315
-0.348777
-0.346168
-0.342265
-0.337226
-0.332834
-0.329591
-0.326398
-0.323014
-0.319129
-0.314865
-0.311774
-0.308831
-0.30615
-0.303639
-0.302013
-0.299984
-0.29593
-0.289625
-0.284967
-0.28221
-0.279092
-0.274657
-0.271836
-0.270699
-0.27055
-0.270847
-0.269346
-0.267248
-0.265003
-0.262033
-0.259645
-0.256673
-0.255066
-0.254179
-0.253014
-0.250236
-0.247082
-0.245606
-0.245547
-0.244529
-0.241831
-0.236761
-0.232756
-0.228852
-0.226446
-0.224555
-0.223716
-0.223239
-0.222009
-0.221118
-0.219172
-0.216781
-0.214322
-0.213265
-0.21233
-0.211851
-0.210145
-0.207404
-0.205161
-0.20364
-0.204531
-0.204474
-0.20374
-0.203342
-0.202501
-0.20151
-0.200192
-0.198724
-0.196587
-0.195878
-0.195745
-0.195648
-0.193791
-0.192976
-0.190671
-0.188723
-0.186916
-0.184419
-0.182703
-0.182486
-0.18261
-0.180762
-0.179192
-0.179018
-0.178748
-0.177799
-0.177121
-0.176633
-0.174181
-0.171435
-0.169659
-0.169117
-0.167968
-0.166691
-0.167015
-0.167669
-0.167491
-0.165314
-0.163216
-0.162132
-0.161647
-0.161983
-0.161362
-0.15856
-0.157183
-0.157359
-0.156917
-0.156382
-0.15593
-0.156174
-0.154354
-0.15138
-0.149899
-0.150275
-0.150713
-0.1508
-0.149308
-0.148377
-0.148014
-0.146958
-0.146259
-0.146027
-0.144347
-0.141065
-0.139277
-0.138399
-0.13796
-0.138701
-0.139614
-0.14057
-0.140874
-0.139938
-0.138876
-0.138018
-0.137778
-0.137411
-0.137329
-0.137164
-0.136055
-0.134705
-0.13328
-0.132654
-0.131952
-0.131715
-0.132456
-0.133493
-0.133443
-0.132691
-0.131623
-0.129406
-0.126902
-0.126113
-0.126108
-0.125338
-0.124199
-0.124199
-0.123897
-0.123296
-0.123786
-0.123857
-0.122731
-0.121665
-0.120604
-0.119478
-0.119265
-0.119109
-0.119717
-0.120706
-0.121261
-0.121253
-0.12027
-0.1194
-0.118603
-0.117609
-0.11681
-0.116247
-0.115909
-0.115619
-0.114833
-0.114178
-0.114217
-0.114119
-0.113208
-0.111898
-0.111449
-0.111853
-0.111961
-0.111447
-0.110866
-0.110044
-0.108657
-0.107457
-0.107243
-0.107306
-0.107786
-0.107735
-0.106857
-0.105782
-0.104832
-0.104952
-0.106158
-0.105989
-0.10458
-0.10389
-0.104353
-0.105369
-0.105234
-0.103683
-0.103098
-0.102848
-0.102664
-0.102532
-0.101935
-0.100729
-0.0998893
-0.0998278
-0.0994598
-0.0983975
-0.0979583
-0.0978819
-0.0973049
-0.0969853
-0.0975816
-0.0980916
-0.0978116
-0.0964127
-0.0945715
-0.0939451
-0.0941412
-0.0941731
-0.0939751
-0.0939986
-0.0942814
-0.0938098
-0.0934253
-0.0934306
-0.0936173
-0.0937378
-0.0937817
-0.0942476
-0.0948276
-0.094946
-0.0941324
-0.0929143
-0.0919181
-0.0911761
-0.0907272
-0.0906411
-0.090396
-0.090363
-0.090258
-0.0896447
-0.0890868
-0.0885626
-0.0880959
-0.0874215
-0.0863227
-0.0857023
-0.0856378
-0.0859401
-0.0867458
-0.0872608
-0.0870531
-0.0870278
-0.0873659
-0.0869928
-0.0861687
-0.0805807
0
0
0
0
0
0
0
0
0
0
0
0
0
0
0
0
0
0
0
0
0
0
0
0
0
0
0
0
0
0
0
0
0
0
0
0
0
0
0
0
0
0
0
0
0
0
0
0
0
0
0
