0.0
0.0292692
0.249684
0.826221
1.86699
3.33398
5.03248
6.68611
8.04888
8.98389
9.47021
9.55569
9.30546
8.78162
8.05096
7.19346
6.29259
5.41452
4.59664
3.85495
3.20014
2.64482
2.19706
1.85068
1.58582
1.38038
1.22105
1.10357
1.02394
0.971674
0.932317
0.895791
0.860846
0.831204
0.80828
0.788501
0.767189
0.743518
0.720572
0.700928
0.683375
0.664626
0.643616
0.622956
0.605736
0.59161
0.576992
0.559288
0.540201
0.524093
0.513119
0.504628
0.493794
0.478589
0.461612
0.446968
0.435919
0.426143
0.415098
0.403256
0.39341
0.38699
0.381933
0.374741
0.364417
0.353692
0.346038
0.341833
0.337983
0.331413
0.322403
0.314068
0.308691
0.305176
0.300447
0.293055
0.284794
0.278551
0.27501
0.272051
0.267429
0.261484
0.25666
0.254437
0.253376
0.250652
0.245341
0.239569
0.236085
0.234971
0.233313
0.228305
0.220349
0.212671
0.207909
0.205558
0.203081
0.19929
0.19597
0.195774
0.198766
0.201639
0.200708
0.195521
0.18923
0.185358
0.184499
0.184352
0.182674
0.179659
0.177173
0.176083
0.175036
0.172139
0.167466
0.163263
0.16147
0.161398
0.160357
0.156679
0.151766
0.148781
0.149336
0.151773
0.152902
0.151248
0.1483
0.146535
0.146571
0.146615
0.14467
0.140877
0.137362
0.135869
0.135908
0.135444
0.133201
0.129957
0.127497
0.126613
0.12643
0.125661
0.124101
0.122608
0.121766
0.121047
0.119528
0.11723
0.115287
0.114629
0.114779
0.114354
0.112802
0.111271
0.111375
0.113124
0.114464
0.113217
0.109405
0.105342
0.103262
0.103041
0.102585
0.100489
0.0979154
0.0974262
0.0999215
0.103134
0.103607
0.10026
0.0957288
0.0938768
0.0959279
0.0992025
0.0997672
0.0962491
0.0909444
0.0872776
0.0864301
0.0866077
0.0854269
0.0826302
0.080255
0.080303
0.082596
0.0850629
0.085932
0.0853553
0.0848684
0.0855464
0.08696
0.0878637
0.0875438
0.0862597
0.0845525
0.0825872
0.0804384
0.0787715
0.0786724
0.0804203
0.0825503
0.0826324
0.0794172
0.0743021
0.0704548
0.070198
0.0730811
0.0764508
0.0778793
0.077056
0.0754665
0.0745094
0.0741638
0.0734674
0.0720006
0.0705685
0.0703165
0.0713324
0.0723443
0.0718954
0.0697668
0.0671824
0.0656397
0.0656008
0.0663128
0.0667672
0.0666783
0.0664853
0.0665227
0.0663721
0.065155
0.0624882
0.0591184
0.0565513
0.0559462
0.0572207
0.0591229
0.060205
0.0599016
0.0588606
0.0582941
0.0588937
0.0601994
0.0609436
0.0600997
0.0577692
0.0551719
0.0537546
0.0541734
0.0559608
0.0580307
0.0594539
0.0598341
0.0591552
0.0575126
0.0551064
0.0523848
0.0499562
0.0481949
0.0469703
0.0459259
0.0451059
0.0451964
0.0469314
0.0501385
0.0534572
0.0551973
0.0546278
0.0524525
0.0500089
0.0480434
0.0463343
0.0444642
0.0427365
0.0420784
0.0429634
0.0446042
0.0454688
0.0447234
0.0430891
0.0421245
0.0426026
0.0436456
0.0435191
0.0412796
0.0376455
0.0343562
0.0328257
0.0334271
0.0358117
0.0394946
0.0438768
0.0478585
0.0498902
0.0488127
0.0447669
0.0391891
0.0338446
0.0298963
0.02786
0.0281312
0.0310368
0.0360727
0.0413124
0.0441796
0.0433437
0.0399531
0.036716
0.0354618
0.0355518
0.0348046
0.0320156
0.0284232
0.0265578
0.0277036
0.0306744
0.0331206
0.0338091
0.033364
0.0328511
0.0321205
0.0300241
0.0262725
0.0225658
0.0213298
0.0232224
0.0262479
0.0277241
0.0271234
0.0266358
0.0286729
0.0329379
0.036302
0.0357519
0.031343
0.0260856
0.0230092
0.0225964
0.0231292
0.0231267
0.0228745
0.0234461
0.0247724
0.0254039
0.0243674
0.0227232
0.0226118
0.0246467
0.0267909
0.0263785
0.0232159
0.0201208
0.0199834
0.0225253
0.0245686
0.0237386
0.0214118
0.0212792
0.024854
0.0290518
0.0290179
0.0234815
0.0166967
0.0144343
0.018071
0.0232015
0.0244248
0.0211067
0.0177218
0.0184123
0.0220173
0.0234252
0.0198559
0.0147345
0.0142142
0.0198592
0.0259742
0.0254152
0.0180486
0.0121586
0.0160826
0.0282382
0.0365548
0.0292448
0.00684184
0.0
0.0
0.0
0.0
0.0
0.0
0.0
0.0
0.0
0.0
0.0
0.0
0.0
0.0
0.0
0.0
0.0
0.0
0.0
0.0
0.0
0.0
0.0
0.0
0.0
0.0
