0.994123
1.00742
0.984188
0.980142
0.979307
0.997288
0.947096
0.976897
0.959937
0.971067
0.949841
0.951673
0.952459
0.971951
0.986415
0.967153
0.997748
1.01191
0.979048
0.965212
0.994433
0.990407
0.972031
0.977067
0.976416
1.0143
1.02612
1.05065
1.06197
1.09299
1.1371
1.11254
1.07517
1.09255
1.09712
1.11852
1.07352
1.10881
1.14239
1.13876
1.12383
1.1541
1.16572
1.15646
1.16228
1.14336
1.1419
1.14653
1.16131
1.15444
1.12065
1.11388
1.10991
1.12201
1.07303
1.06342
1.04858
1.09521
1.06944
1.09805
1.07334
1.12608
1.11396
1.12802
1.12306
1.10935
1.1012
1.08424
1.08524
1.12689
1.11406
1.22004
1.16891
1.10158
1.02964
1.00207
1.00502
1.0016
1.00731
1.02274
1.16291
1.16265
1.21391
1.20998
1.18669
1.18431
1.15965
1.13863
1.09713
1.0754
1.0797
1.02639
1.01568
1.00114
1.0029
0.954639
0.959399
0.928873
0.951915
0.929032
0.924834
0.898499
0.888697
0.889638
0.850486
0.867819
0.878252
0.889254
0.899948
0.918977
0.903947
0.928305
0.921429
0.927681
0.915882
0.967945
0.938393
0.948015
0.933578
0.92934
0.929936
0.931104
0.93609
0.928808
0.904371
0.884773
0.871704
0.88943
0.80464
0.825579
0.789839
0.800573
0.791501
0.804746
0.763848
0.78086
0.75881
0.751089
0.766883
0.762797
0.761026
0.763893
1.81245
0.777514
0.899475
0.886727
0.88531
0.903504
0.887223
0.903209
0.903657
0.912889
0.890729
0.899525
0.923554
0.894888
0.960701
0.888993
0.855968
0.847665
0.814061
0.814381
0.774952
0.777404
0.788696
0.794416
0.80561
0.890268
0.9752
0.972364
1.01849
1.02646
1.04626
1.07207
1.08854
1.05481
1.03078
1.08295
1.06728
1.1112
1.09019
1.1302
1.15847
1.16889
1.19657
1.18754
1.21661
1.2305
1.22526
1.25236
1.22354
1.24359
1.13719
1.12981
1.10474
1.09205
1.07596
1.08431
1.14997
1.24108
1.26921
1.23441
1.16313
1.1483
1.13607
1.11333
1.17306
1.15342
1.18103
1.22915
1.21264
1.20949
1.24412
1.21161
1.19064
1.19606
1.18208
1.21857
1.18554
1.17832
1.17437
1.17115
1.17156
1.16029
1.03434
1.04332
1.02702
1.02428
1.05891
1.03049
0.997313
1.01962
1.01119
1.02858
1.01511
1.04986
1.02145
1.05505
1.05182
1.06481
1.04947
1.1136
1.03949
1.00753
1.04572
1.01976
0.944448
0.984659
0.935382
0.950543
0.908833
0.948026
0.884463
0.925869
0.897529
0.918267
