# B = 0 T, TPC data (run 2363), 08 August 2018, 16:51:15
# t	r	phi
0	173.99	0
8	173.877	0
16	173.764	0
24	173.651	0
32	173.539	0
40	173.426	0
48	173.313	0
56	173.201	0
64	173.088	0
72	172.975	0
80	172.863	0
88	172.75	0
96	172.638	0
104	172.525	0
112	172.413	0
120	172.301	0
128	172.188	0
136	172.076	0
144	171.963	0
152	171.851	0
160	171.739	0
168	171.626	0
176	171.514	0
184	171.402	0
192	171.29	0
200	171.178	0
208	171.065	0
216	170.953	0
224	170.841	0
232	170.729	0
240	170.617	0
248	170.505	0
256	170.392	0
264	170.28	0
272	170.168	0
280	170.056	0
288	169.944	0
296	169.832	0
304	169.72	0
312	169.608	0
320	169.496	0
328	169.384	0
336	169.272	0
344	169.16	0
352	169.048	0
360	168.935	0
368	168.823	0
376	168.711	0
384	168.599	0
392	168.487	0
400	168.375	0
408	168.263	0
416	168.151	0
424	168.039	0
432	167.927	0
440	167.815	0
448	167.703	0
456	167.591	0
464	167.479	0
472	167.366	0
480	167.254	0
488	167.142	0
496	167.03	0
504	166.918	0
512	166.806	0
520	166.693	0
528	166.581	0
536	166.469	0
544	166.357	0
552	166.245	0
560	166.132	0
568	166.02	0
576	165.908	0
584	165.795	0
592	165.683	0
600	165.571	0
608	165.458	0
616	165.346	0
624	165.233	0
632	165.121	0
640	165.008	0
648	164.896	0
656	164.783	0
664	164.671	0
672	164.558	0
680	164.445	0
688	164.333	0
696	164.22	0
704	164.107	0
712	163.994	0
720	163.881	0
728	163.769	0
736	163.656	0
744	163.543	0
752	163.43	0
760	163.317	0
768	163.204	0
776	163.091	0
784	162.978	0
792	162.864	0
800	162.751	0
808	162.638	0
816	162.525	0
824	162.411	0
832	162.298	0
840	162.184	0
848	162.071	0
856	161.957	0
864	161.844	0
872	161.73	0
880	161.617	0
888	161.503	0
896	161.389	0
904	161.275	0
912	161.161	0
920	161.047	0
928	160.933	0
936	160.819	0
944	160.705	0
952	160.591	0
960	160.477	0
968	160.363	0
976	160.248	0
984	160.134	0
992	160.019	0
1000	159.905	0
1008	159.79	0
1016	159.676	0
1024	159.561	0
1032	159.446	0
1040	159.331	0
1048	159.216	0
1056	159.101	0
1064	158.986	0
1072	158.871	0
1080	158.756	0
1088	158.641	0
1096	158.525	0
1104	158.41	0
1112	158.295	0
1120	158.179	0
1128	158.063	0
1136	157.948	0
1144	157.832	0
1152	157.716	0
1160	157.6	0
1168	157.484	0
1176	157.368	0
1184	157.252	0
1192	157.136	0
1200	157.019	0
1208	156.903	0
1216	156.786	0
1224	156.67	0
1232	156.553	0
1240	156.436	0
1248	156.32	0
1256	156.203	0
1264	156.086	0
1272	155.969	0
1280	155.851	0
1288	155.734	0
1296	155.617	0
1304	155.499	0
1312	155.382	0
1320	155.264	0
1328	155.146	0
1336	155.028	0
1344	154.911	0
1352	154.792	0
1360	154.674	0
1368	154.556	0
1376	154.438	0
1384	154.319	0
1392	154.201	0
1400	154.082	0
1408	153.963	0
1416	153.845	0
1424	153.726	0
1432	153.607	0
1440	153.488	0
1448	153.368	0
1456	153.249	0
1464	153.129	0
1472	153.01	0
1480	152.89	0
1488	152.77	0
1496	152.65	0
1504	152.53	0
1512	152.41	0
1520	152.29	0
1528	152.17	0
1536	152.049	0
1544	151.929	0
1552	151.808	0
1560	151.687	0
1568	151.566	0
1576	151.445	0
1584	151.324	0
1592	151.203	0
1600	151.081	0
1608	150.96	0
1616	150.838	0
1624	150.716	0
1632	150.594	0
1640	150.472	0
1648	150.35	0
1656	150.228	0
1664	150.105	0
1672	149.983	0
1680	149.86	0
1688	149.737	0
1696	149.615	0
1704	149.491	0
1712	149.368	0
1720	149.245	0
1728	149.121	0
1736	148.998	0
1744	148.874	0
1752	148.75	0
1760	148.626	0
1768	148.502	0
1776	148.378	0
1784	148.253	0
1792	148.129	0
1800	148.004	0
1808	147.879	0
1816	147.754	0
1824	147.629	0
1832	147.504	0
1840	147.379	0
1848	147.253	0
1856	147.127	0
1864	147.001	0
1872	146.875	0
1880	146.749	0
1888	146.623	0
1896	146.496	0
1904	146.37	0
1912	146.243	0
1920	146.116	0
1928	145.989	0
1936	145.862	0
1944	145.735	0
1952	145.607	0
1960	145.479	0
1968	145.352	0
1976	145.224	0
1984	145.095	0
1992	144.967	0
2000	144.839	0
2008	144.71	0
2016	144.581	0
2024	144.452	0
2032	144.323	0
2040	144.194	0
2048	144.064	0
2056	143.935	0
2064	143.805	0
2072	143.675	0
2080	143.545	0
2088	143.415	0
2096	143.284	0
2104	143.154	0
2112	143.023	0
2120	142.892	0
2128	142.761	0
2136	142.629	0
2144	142.498	0
2152	142.366	0
2160	142.234	0
2168	142.102	0
2176	141.97	0
2184	141.838	0
2192	141.705	0
2200	141.572	0
2208	141.439	0
2216	141.306	0
2224	141.173	0
2232	141.04	0
2240	140.906	0
2248	140.772	0
2256	140.638	0
2264	140.504	0
2272	140.369	0
2280	140.235	0
2288	140.1	0
2296	139.965	0
2304	139.83	0
2312	139.695	0
2320	139.559	0
2328	139.423	0
2336	139.287	0
2344	139.151	0
2352	139.015	0
2360	138.879	0
2368	138.742	0
2376	138.605	0
2384	138.468	0
2392	138.331	0
2400	138.193	0
2408	138.055	0
2416	137.917	0
2424	137.779	0
2432	137.641	0
2440	137.503	0
2448	137.364	0
2456	137.225	0
2464	137.086	0
2472	136.947	0
2480	136.807	0
2488	136.667	0
2496	136.527	0
2504	136.387	0
2512	136.247	0
2520	136.106	0
2528	135.965	0
2536	135.824	0
2544	135.683	0
2552	135.542	0
2560	135.4	0
2568	135.258	0
2576	135.116	0
2584	134.974	0
2592	134.831	0
2600	134.688	0
2608	134.546	0
2616	134.402	0
2624	134.259	0
2632	134.115	0
2640	133.971	0
2648	133.827	0
2656	133.683	0
2664	133.539	0
2672	133.394	0
2680	133.249	0
2688	133.104	0
2696	132.958	0
2704	132.812	0
2712	132.667	0
2720	132.52	0
2728	132.374	0
2736	132.227	0
2744	132.081	0
2752	131.934	0
2760	131.786	0
2768	131.639	0
2776	131.491	0
2784	131.343	0
2792	131.195	0
2800	131.046	0
2808	130.898	0
2816	130.749	0
2824	130.599	0
2832	130.45	0
2840	130.3	0
2848	130.15	0
2856	130	0
2864	129.85	0
2872	129.699	0
2880	129.548	0
2888	129.397	0
2896	129.245	0
2904	129.094	0
2912	128.942	0
2920	128.79	0
2928	128.637	0
2936	128.485	0
2944	128.332	0
2952	128.179	0
2960	128.025	0
2968	127.871	0
2976	127.717	0
2984	127.563	0
2992	127.409	0
3000	127.254	0
3008	127.099	0
3016	126.944	0
3024	126.788	0
3032	126.633	0
3040	126.477	0
3048	126.32	0
3056	126.164	0
3064	126.007	0
3072	125.85	0
3080	125.693	0
3088	125.535	0
3096	125.377	0
3104	125.219	0
3112	125.06	0
3120	124.902	0
3128	124.743	0
3136	124.584	0
3144	124.424	0
3152	124.264	0
3160	124.104	0
3168	123.944	0
3176	123.783	0
3184	123.622	0
3192	123.461	0
3200	123.3	0
3208	123.138	0
3216	122.976	0
3224	122.814	0
3232	122.651	0
3240	122.488	0
3248	122.325	0
3256	122.162	0
3264	121.998	0
3272	121.834	0
3280	121.67	0
3288	121.505	0
3296	121.34	0
3304	121.175	0
3312	121.01	0
3320	120.844	0
3328	120.678	0
3336	120.512	0
3344	120.345	0
3352	120.178	0
3360	120.011	0
3368	119.844	0
3376	119.676	0
3384	119.508	0
3392	119.34	0
3400	119.171	0
3408	119.002	0
3416	118.833	0
3424	118.663	0
3432	118.493	0
3440	118.323	0
3448	118.153	0
3456	117.982	0
3464	117.811	0
3472	117.639	0
3480	117.468	0
3488	117.296	0
3496	117.123	0
3504	116.951	0
3512	116.778	0
3520	116.605	0
3528	116.431	0
3536	116.257	0
3544	116.083	0
3552	115.909	0
3560	115.734	0
3568	115.559	0
3576	115.383	0
3584	115.208	0
3592	115.032	0
3600	114.855	0
3608	114.679	0
3616	114.502	0
3624	114.324	0
3632	114.147	0
3640	113.969	0
3648	113.79	0
3656	113.612	0
3664	113.433	0
3672	113.254	0
3680	113.074	0
3688	112.894	0
3696	112.714	0
3704	112.533	0
3712	112.352	0
3720	112.171	0
3728	111.99	0
3736	111.808	0
3744	111.625	0
3752	111.443	0
3760	111.26	0
3768	111.077	0
3776	110.893	0
3784	110.709	0
3792	110.525	0
3800	110.341	0
3808	110.156	0
3816	109.97	0
3824	109.785	0
3832	109.599	0
3840	109.413	0
3848	109.226	0
3856	109.039	0
