0.826756
0.731676
0.77407
0.72789
0.733204
0.69535
0.741624
0.707495
0.72472
0.720285
0.748583
0.725831
0.761945
0.737601
0.753446
0.808285
0.740318
0.702028
0.685898
0.671448
0.665508
0.639515
0.662621
0.643399
0.657576
0.647324
0.665258
0.639304
0.656365
0.652765
0.680467
0.729224
0.858673
0.865377
0.82658
0.902958
0.983314
1.08574
0.948931
1.17781
1.17754
1.22866
1.15089
1.29829
1.1462
1.29361
1.09972
1.18643
0.93763
0.997531
0.89604
0.844368
1.00269
0.957431
0.850403
1.02449
0.806516
0.883086
0.681585
0.792541
0.66851
0.72759
0.668496
0.779537
0.763144
0.856787
0.693449
0.765214
0.850456
0.849022
0.84696
0.949215
0.814289
0.999093
0.851434
1.03555
0.836759
0.991395
0.837169
1.07956
0.68082
0.731841
0.630094
0.626726
0.679735
0.688215
0.660136
0.720352
0.718423
0.819808
0.744193
0.879651
0.810673
0.901568
0.851696
1.14144
1.36466
1.51832
1.30332
1.53122
1.57602
1.68706
1.66725
1.74375
1.7342
1.75389
1.67421
1.71013
1.52906
1.58851
1.41717
1.49582
1.01295
1.03559
0.900494
0.776833
0.862126
0.79813
0.778047
0.782937
0.764925
0.770156
0.723436
0.768554
0.776289
0.849935
0.860267
0.905407
1.04014
1.02245
1.05827
0.990492
1.04736
1.02546
1.10015
1.09082
1.10003
1.20309
1.10836
1.21718
1.16341
1.25861
2.51925
1.33541
0.912695
0.949292
0.867603
0.873917
0.89316
0.858306
0.850739
0.860874
0.90006
0.906332
0.836808
0.90486
0.868489
0.903112
0.955315
1.0627
1.1318
1.10375
1.28436
1.30021
1.16608
1.19196
1.32109
0.971299
0.961859
0.977883
0.891305
0.917778
0.867688
0.900296
0.842287
0.953006
0.941013
0.882295
0.884941
0.839514
0.860122
0.826812
0.78316
0.79908
0.772506
0.807639
0.772091
0.759142
0.768947
0.753891
0.793427
0.801266
0.862734
0.951948
0.848137
0.901565
0.948138
1.0176
0.920365
0.95924
0.91064
1.13028
1.01361
1.13939
1.0037
1.18988
0.956598
1.17356
1
0.74545
0.728899
0.725979
0.696817
0.699083
0.723953
0.716853
0.743527
0.707257
0.723173
0.751471
0.757063
0.803373
0.814296
0.913794
1.08814
1.09693
1.10301
1.15603
1.06656
1.17691
1.23909
1.19738
1.10242
1.13543
1.01072
1.02565
0.932668
0.935844
0.796233
0.93626
0.999468
0.770768
0.868483
0.834886
0.791652
0.737875
0.892041
0.789087
0.89054
0.818578
0.933668
0.808175
1.00174
0.850792
1.04815
0.962972
