# B map @ z = 875mm, garfield++ simulation CERN piecewise fit
# t	r	phi
0	181.918	0
8	181.471	0
16	181.023	0
24	180.575	0
32	180.128	0
40	179.68	0
48	179.232	0
56	178.785	0
64	178.337	0
72	177.889	0
80	177.441	0
88	176.994	0
96	176.546	0
104	176.098	0
112	175.651	0
120	175.203	0
128	174.755	0
136	174.308	0
144	173.697	0
152	173.596	0
160	173.495	0
168	173.393	0
176	173.292	0
184	173.191	0
192	173.09	0
200	172.988	0
208	172.887	0
216	172.786	0
224	172.684	0
232	172.583	0
240	172.481	0
248	172.38	0
256	172.278	0
264	172.177	0
272	172.075	0
280	171.973	0
288	171.872	0
296	171.77	0
304	171.668	0
312	171.567	0
320	171.465	0
328	171.363	0
336	171.261	0
344	171.159	0
352	171.057	0
360	170.955	0
368	170.853	0
376	170.751	0
384	170.649	0
392	170.547	0
400	170.445	0
408	170.342	0
416	170.24	0
424	170.138	0
432	170.035	0
440	169.933	0
448	169.831	0
456	169.728	0
464	169.626	0
472	169.523	0
480	169.421	0
488	169.318	0
496	169.215	0
504	169.113	0
512	169.01	0
520	168.907	0
528	168.804	0
536	168.701	0
544	168.598	0
552	168.495	0
560	168.392	0
568	168.289	0
576	168.186	0
584	168.083	0
592	167.979	0
600	167.876	0
608	167.773	0
616	167.669	0
624	167.566	0
632	167.463	0
640	167.359	0
648	167.255	0
656	167.152	0
664	167.048	0
672	166.944	0
680	166.841	0
688	166.737	0
696	166.633	0
704	166.529	0.0300034
712	166.425	0.0302447
720	166.321	0.0304855
728	166.217	0.0307256
736	166.112	0.0309653
744	166.008	0.0312043
752	165.904	0.0314428
760	165.8	0.0316808
768	165.695	0.0319182
776	165.591	0.0321551
784	165.486	0.0323915
792	165.382	0.0326273
800	165.277	0.0328626
808	165.172	0.0330974
816	165.068	0.0333317
824	164.963	0.0335654
832	164.858	0.0337987
840	164.753	0.0340315
848	164.648	0.0342637
856	164.543	0.0344955
864	164.438	0.0347268
872	164.333	0.0349577
880	164.228	0.035188
888	164.122	0.0354179
896	164.017	0.0356473
904	163.911	0.0358763
912	163.806	0.0361048
920	163.7	0.0363329
928	163.595	0.0365605
936	163.489	0.0367877
944	163.383	0.0370145
952	163.278	0.0372408
960	163.172	0.0374668
968	163.066	0.0376923
976	162.96	0.0379173
984	162.854	0.038142
992	162.748	0.0383663
1000	162.641	0.0385902
1008	162.535	0.0388137
1016	162.429	0.0390368
1024	162.322	0.0392595
1032	162.216	0.0394818
1040	162.109	0.0397038
1048	162.003	0.0399254
1056	161.896	0.0401467
1064	161.789	0.0403676
1072	161.682	0.0405881
1080	161.575	0.0408083
1088	161.469	0.0410281
1096	161.361	0.0412476
1104	161.254	0.0414668
1112	161.147	0.0416857
1120	161.04	0.0419042
1128	160.933	0.0421224
1136	160.825	0.0423403
1144	160.718	0.0425579
1152	160.61	0.0427752
1160	160.502	0.0429922
1168	160.395	0.0432089
1176	160.287	0.0434253
1184	160.179	0.0436415
1192	160.071	0.0438573
1200	159.963	0.0440729
1208	159.855	0.0442882
1216	159.747	0.0445033
1224	159.639	0.0447181
1232	159.53	0.0449326
1240	159.422	0.0451469
1248	159.313	0.045361
1256	159.205	0.0455748
1264	159.096	0.0457884
1272	158.987	0.0460018
1280	158.879	0.0462149
1288	158.77	0.0464279
1296	158.661	0.0466406
1304	158.552	0.0468531
1312	158.443	0.0470654
1320	158.333	0.0472775
1328	158.224	0.0474894
1336	158.115	0.0477012
1344	158.005	0.0479127
1352	157.896	0.0481241
1360	157.786	0.0483353
1368	157.676	0.0485464
1376	157.566	0.0487572
1384	157.457	0.048968
1392	157.347	0.0491785
1400	157.236	0.0493889
1408	157.126	0.0495992
1416	157.016	0.0498094
1424	156.906	0.0500194
1432	156.795	0.0502293
1440	156.685	0.050439
1448	156.574	0.0506487
1456	156.464	0.0508582
1464	156.353	0.0510677
1472	156.242	0.051277
1480	156.131	0.0514862
1488	156.02	0.0516954
1496	155.909	0.0519044
1504	155.798	0.0521134
1512	155.686	0.0523223
1520	155.575	0.0525311
1528	155.463	0.0527399
1536	155.352	0.0529486
1544	155.24	0.0531572
1552	155.128	0.0533658
1560	155.016	0.0535743
1568	154.904	0.0537828
1576	154.792	0.0539913
1584	154.68	0.0541997
1592	154.568	0.0544081
1600	154.456	0.0546165
1608	154.343	0.0548249
1616	154.231	0.0550333
1624	154.118	0.0552416
1632	154.005	0.05545
1640	153.892	0.0556583
1648	153.779	0.0558667
1656	153.666	0.056075
1664	153.553	0.0562834
1672	153.44	0.0564919
1680	153.327	0.0567003
1688	153.213	0.0569088
1696	153.1	0.0571173
1704	152.986	0.0573259
1712	152.872	0.0575345
1720	152.758	0.0577431
1728	152.644	0.0579519
1736	152.53	0.0581607
1744	152.416	0.0583695
1752	152.302	0.0585784
1760	152.188	0.0587875
1768	152.073	0.0589965
1776	151.959	0.0592057
1784	151.844	0.059415
1792	151.729	0.0596244
1800	151.614	0.0598339
1808	151.499	0.0600434
1816	151.384	0.0602531
1824	151.269	0.060463
1832	151.154	0.0606729
1840	151.038	0.060883
1848	150.923	0.0610932
1856	150.807	0.0613035
1864	150.692	0.061514
1872	150.576	0.0617246
1880	150.46	0.0619354
1888	150.344	0.0621464
1896	150.227	0.0623575
1904	150.111	0.0625688
1912	149.995	0.0627802
1920	149.878	0.0629919
1928	149.762	0.0632037
1936	149.645	0.0634157
1944	149.528	0.0636279
1952	149.411	0.0638403
1960	149.294	0.0640529
1968	149.177	0.0642657
1976	149.06	0.0644787
1984	148.942	0.064692
1992	148.825	0.0649054
2000	148.707	0.0651191
2008	148.589	0.0653331
2016	148.471	0.0655472
2024	148.353	0.0657617
2032	148.235	0.0659763
2040	148.117	0.0661912
2048	147.999	0.0664064
2056	147.88	0.0666219
2064	147.762	0.0668376
2072	147.643	0.0670536
2080	147.524	0.0672698
2088	147.405	0.0674864
2096	147.286	0.0677032
2104	147.167	0.0679203
2112	147.048	0.0681378
2120	146.928	0.0683555
2128	146.809	0.0685735
2136	146.689	0.0687919
2144	146.57	0.0690106
2152	146.45	0.0692295
2160	146.33	0.0694489
2168	146.21	0.0696685
2176	146.089	0.0698885
2184	145.969	0.0701089
2192	145.848	0.0703296
2200	145.728	0.0705506
2208	145.607	0.070772
2216	145.486	0.0709938
2224	145.365	0.0712159
2232	145.244	0.0714384
2240	145.123	0.0716613
2248	145.001	0.0718846
2256	144.88	0.0721083
2264	144.758	0.0723323
2272	144.636	0.0725568
2280	144.515	0.0727817
2288	144.392	0.0730069
2296	144.27	0.0732326
2304	144.148	0.0734587
2312	144.026	0.0736852
2320	143.903	0.0739122
2328	143.78	0.0741396
2336	143.658	0.0743674
2344	143.535	0.0745957
2352	143.412	0.0748244
2360	143.288	0.0750536
2368	143.165	0.0752832
2376	143.042	0.0755133
2384	142.918	0.0757439
2392	142.794	0.0759749
2400	142.67	0.0762065
2408	142.546	0.0764385
2416	142.422	0.076671
2424	142.298	0.076904
2432	142.174	0.0771375
2440	142.049	0.0773715
2448	141.924	0.077606
2456	141.8	0.077841
2464	141.675	0.0780765
2472	141.55	0.0783126
2480	141.424	0.0785492
2488	141.299	0.0787863
2496	141.174	0.079024
2504	141.048	0.0792622
2512	140.922	0.0795009
2520	140.796	0.0797402
2528	140.67	0.0799801
2536	140.544	0.0802205
2544	140.418	0.0804615
2552	140.291	0.0807031
2560	140.165	0.0809453
2568	140.038	0.081188
2576	139.911	0.0814314
2584	139.784	0.0816753
2592	139.657	0.0819198
2600	139.529	0.0821649
2608	139.402	0.0824107
2616	139.274	0.082657
2624	139.147	0.082904
2632	139.019	0.0831516
2640	138.891	0.0833998
2648	138.762	0.0836487
2656	138.634	0.0838982
2664	138.506	0.0841483
2672	138.377	0.0843991
2680	138.248	0.0846506
2688	138.119	0.0849027
2696	137.99	0.0851554
2704	137.861	0.0854089
2712	137.732	0.085663
2720	137.602	0.0859178
2728	137.472	0.0861733
2736	137.343	0.0864294
2744	137.213	0.0866863
2752	137.082	0.0869439
2760	136.952	0.0872021
2768	136.822	0.0874611
2776	136.691	0.0877208
2784	136.56	0.0879812
2792	136.43	0.0882423
2800	136.299	0.0885042
2808	136.167	0.0887668
2816	136.036	0.0890301
2824	135.904	0.0892942
2832	135.773	0.089559
2840	135.641	0.0898246
2848	135.509	0.090091
2856	135.377	0.0903581
2864	135.245	0.090626
2872	135.112	0.0908946
2880	134.98	0.0911641
2888	134.847	0.0914343
2896	134.714	0.0917053
2904	134.581	0.0919771
2912	134.448	0.0922497
2920	134.314	0.0925231
2928	134.181	0.0927973
2936	134.047	0.0930723
2944	133.913	0.0933482
2952	133.779	0.0936249
2960	133.645	0.0939024
2968	133.511	0.0941807
2976	133.376	0.0944599
2984	133.242	0.0947399
2992	133.107	0.0950208
3000	132.972	0.0953025
3008	132.837	0.0955851
3016	132.702	0.0958685
3024	132.566	0.0961529
3032	132.43	0.096438
3040	132.295	0.0967241
3048	132.159	0.0970111
3056	132.023	0.0972989
3064	131.886	0.0975877
3072	131.75	0.0978773
3080	131.613	0.0981679
3088	131.476	0.0984593
3096	131.34	0.0987517
3104	131.202	0.099045
3112	131.065	0.0993392
3120	130.928	0.0996343
3128	130.79	0.0999304
3136	130.652	0.100227
3144	130.514	0.100525
3152	130.376	0.100824
3160	130.238	0.101124
3168	130.099	0.101425
3176	129.961	0.101727
3184	129.822	0.10203
3192	129.683	0.102333
3200	129.544	0.102638
3208	129.405	0.102944
3216	129.265	0.10325
3224	129.125	0.103558
3232	128.986	0.103867
3240	128.846	0.104176
3248	128.705	0.104487
3256	128.565	0.104799
3264	128.425	0.105112
3272	128.284	0.105425
3280	128.143	0.10574
3288	128.002	0.106056
3296	127.861	0.106373
3304	127.719	0.106691
3312	127.578	0.10701
3320	127.436	0.10733
3328	127.294	0.107651
3336	127.152	0.107973
3344	127.009	0.108296
3352	126.867	0.10862
3360	126.724	0.108946
3368	126.582	0.109272
3376	126.439	0.1096
3384	126.295	0.109928
3392	126.152	0.110258
3400	126.008	0.110589
3408	125.865	0.110921
3416	125.721	0.111254
3424	125.577	0.111588
3432	125.432	0.111924
3440	125.288	0.11226
3448	125.143	0.112598
3456	124.998	0.112936
3464	124.853	0.113276
3472	124.708	0.113617
3480	124.563	0.113959
3488	124.417	0.114303
3496	124.271	0.114647
3504	124.125	0.114993
3512	123.979	0.11534
3520	123.833	0.115688
3528	123.687	0.116037
3536	123.54	0.116387
3544	123.393	0.116739
3552	123.246	0.117091
3560	123.099	0.117445
3568	122.951	0.117801
3576	122.804	0.118157
3584	122.656	0.118515
3592	122.508	0.118874
3600	122.359	0.119234
3608	122.211	0.119595
3616	122.062	0.119958
3624	121.914	0.120321
3632	121.765	0.120686
3640	121.616	0.121053
3648	121.466	0.12142
3656	121.317	0.121789
3664	121.167	0.122159
3672	121.017	0.122531
3680	120.867	0.122903
3688	120.717	0.123277
3696	120.566	0.123652
3704	120.415	0.124029
3712	120.264	0.124407
3720	120.113	0.124786
3728	119.962	0.125166
3736	119.81	0.125548
3744	119.659	0.125931
3752	119.507	0.126316
3760	119.355	0.126701
3768	119.202	0.127088
3776	119.05	0.127477
3784	118.897	0.127867
3792	118.744	0.128258
3800	118.591	0.12865
3808	118.438	0.129044
3816	118.284	0.129439
3824	118.131	0.129836
3832	117.977	0.130234
3840	117.823	0.130633
3848	117.669	0.131034
3856	117.514	0.131436
3864	117.359	0.131839
3872	117.204	0.132244
3880	117.049	0.13265
3888	116.894	0.133058
3896	116.738	0.133467
3904	116.583	0.133878
3912	116.427	0.13429
3920	116.271	0.134703
3928	116.114	0.135118
3936	115.958	0.135534
3944	115.801	0.135952
3952	115.644	0.136371
3960	115.487	0.136792
3968	115.329	0.137214
3976	115.172	0.137637
3984	115.014	0.138062
3992	114.856	0.138489
4000	114.698	0.138917
4008	114.539	0.139346
4016	114.381	0.139777
4024	114.222	0.14021
4032	114.063	0.140644
4040	113.904	0.141079
4048	113.744	0.141516
4056	113.585	0.141954
4064	113.425	0.142394
4072	113.265	0.142836
4080	113.104	0.143279
4088	112.944	0.143724
4096	112.783	0.14417
4104	112.622	0.144617
4112	112.461	0.145067
4120	112.299	0.145517
4128	112.138	0.14597
4136	111.976	0.146424
4144	111.814	0.146879
4152	111.652	0.147336
4160	111.489	0.147795
4168	111.326	0.148255
4176	111.163	0.148717
4184	111	0.14918
4192	110.837	0.149645
4200	110.673	0.150112
4208	110.51	0.15058
4216	110.346	0.15105
4224	110.181	0.151521
4232	110.017	0.151994
4240	109.852	0.152469
4248	109.687	0.152945
4256	109.522	0.153423
4264	109.357	0.153903
4272	109.191	0.154384
4280	109.026	0.154867
4288	108.86	0.155352
