# B = 0 T, garfield++ simulation CERN piecewise fit
# t	r	phi
0	182.26	0
8	181.735	0
16	181.21	0
24	180.685	0
32	180.161	0
40	179.636	0
48	179.111	0
56	178.587	0
64	178.062	0
72	177.537	0
80	177.012	0
88	176.488	0
96	175.963	0
104	175.438	0
112	174.914	0
120	174.389	0
128	173.864	0
136	173.339	0
144	173.14	0
152	173.03	0
160	172.92	0
168	172.809	0
176	172.699	0
184	172.589	0
192	172.478	0
200	172.368	0
208	172.258	0
216	172.147	0
224	172.037	0
232	171.926	0
240	171.816	0
248	171.705	0
256	171.595	0
264	171.484	0
272	171.374	0
280	171.263	0
288	171.152	0
296	171.042	0
304	170.931	0
312	170.82	0
320	170.71	0
328	170.599	0
336	170.488	0
344	170.377	0
352	170.266	0
360	170.155	0
368	170.044	0
376	169.933	0
384	169.822	0
392	169.711	0
400	169.6	0
408	169.488	0
416	169.377	0
424	169.266	0
432	169.154	0
440	169.043	0
448	168.932	0
456	168.82	0
464	168.709	0
472	168.597	0
480	168.486	0
488	168.374	0
496	168.262	0
504	168.15	0
512	168.039	0
520	167.927	0
528	167.815	0
536	167.703	0
544	167.591	0
552	167.479	0
560	167.367	0
568	167.255	0
576	167.142	0
584	167.03	0
592	166.918	0
600	166.805	0
608	166.693	0
616	166.581	0
624	166.468	0
632	166.355	0
640	166.243	0
648	166.13	0
656	166.017	0
664	165.904	0
672	165.792	0
680	165.679	0
688	165.566	0
696	165.452	0
704	165.339	0
712	165.226	0
720	165.113	0
728	164.999	0
736	164.886	0
744	164.773	0
752	164.659	0
760	164.545	0
768	164.432	0
776	164.318	0
784	164.204	0
792	164.09	0
800	163.976	0
808	163.862	0
816	163.748	0
824	163.634	0
832	163.52	0
840	163.406	0
848	163.291	0
856	163.177	0
864	163.062	0
872	162.947	0
880	162.833	0
888	162.718	0
896	162.603	0
904	162.488	0
912	162.373	0
920	162.258	0
928	162.143	0
936	162.028	0
944	161.912	0
952	161.797	0
960	161.682	0
968	161.566	0
976	161.45	0
984	161.335	0
992	161.219	0
1000	161.103	0
1008	160.987	0
1016	160.871	0
1024	160.755	0
1032	160.638	0
1040	160.522	0
1048	160.406	0
1056	160.289	0
1064	160.172	0
1072	160.056	0
1080	159.939	0
1088	159.822	0
1096	159.705	0
1104	159.588	0
1112	159.471	0
1120	159.353	0
1128	159.236	0
1136	159.119	0
1144	159.001	0
1152	158.883	0
1160	158.766	0
1168	158.648	0
1176	158.53	0
1184	158.412	0
1192	158.294	0
1200	158.175	0
1208	158.057	0
1216	157.939	0
1224	157.82	0
1232	157.701	0
1240	157.583	0
1248	157.464	0
1256	157.345	0
1264	157.226	0
1272	157.107	0
1280	156.987	0
1288	156.868	0
1296	156.748	0
1304	156.629	0
1312	156.509	0
1320	156.389	0
1328	156.269	0
1336	156.149	0
1344	156.029	0
1352	155.909	0
1360	155.788	0
1368	155.668	0
1376	155.547	0
1384	155.427	0
1392	155.306	0
1400	155.185	0
1408	155.064	0
1416	154.942	0
1424	154.821	0
1432	154.7	0
1440	154.578	0
1448	154.456	0
1456	154.335	0
1464	154.213	0
1472	154.091	0
1480	153.969	0
1488	153.846	0
1496	153.724	0
1504	153.601	0
1512	153.479	0
1520	153.356	0
1528	153.233	0
1536	153.11	0
1544	152.987	0
1552	152.864	0
1560	152.74	0
1568	152.617	0
1576	152.493	0
1584	152.369	0
1592	152.245	0
1600	152.121	0
1608	151.997	0
1616	151.873	0
1624	151.748	0
1632	151.624	0
1640	151.499	0
1648	151.374	0
1656	151.249	0
1664	151.124	0
1672	150.999	0
1680	150.873	0
1688	150.748	0
1696	150.622	0
1704	150.496	0
1712	150.37	0
1720	150.244	0
1728	150.118	0
1736	149.992	0
1744	149.865	0
1752	149.739	0
1760	149.612	0
1768	149.485	0
1776	149.358	0
1784	149.231	0
1792	149.103	0
1800	148.976	0
1808	148.848	0
1816	148.72	0
1824	148.592	0
1832	148.464	0
1840	148.336	0
1848	148.207	0
1856	148.079	0
1864	147.95	0
1872	147.821	0
1880	147.692	0
1888	147.563	0
1896	147.434	0
1904	147.304	0
1912	147.175	0
1920	147.045	0
1928	146.915	0
1936	146.785	0
1944	146.655	0
1952	146.524	0
1960	146.394	0
1968	146.263	0
1976	146.132	0
1984	146.001	0
1992	145.87	0
2000	145.738	0
2008	145.607	0
2016	145.475	0
2024	145.343	0
2032	145.211	0
2040	145.079	0
2048	144.947	0
2056	144.814	0
2064	144.682	0
2072	144.549	0
2080	144.416	0
2088	144.283	0
2096	144.149	0
2104	144.016	0
2112	143.882	0
2120	143.748	0
2128	143.614	0
2136	143.48	0
2144	143.346	0
2152	143.211	0
2160	143.076	0
2168	142.942	0
2176	142.806	0
2184	142.671	0
2192	142.536	0
2200	142.4	0
2208	142.264	0
2216	142.129	0
2224	141.992	0
2232	141.856	0
2240	141.72	0
2248	141.583	0
2256	141.446	0
2264	141.309	0
2272	141.172	0
2280	141.035	0
2288	140.897	0
2296	140.759	0
2304	140.621	0
2312	140.483	0
2320	140.345	0
2328	140.206	0
2336	140.068	0
2344	139.929	0
2352	139.79	0
2360	139.651	0
2368	139.511	0
2376	139.372	0
2384	139.232	0
2392	139.092	0
2400	138.952	0
2408	138.811	0
2416	138.671	0
2424	138.53	0
2432	138.389	0
2440	138.248	0
2448	138.106	0
2456	137.965	0
2464	137.823	0
2472	137.681	0
2480	137.539	0
2488	137.397	0
2496	137.254	0
2504	137.111	0
2512	136.968	0
2520	136.825	0
2528	136.682	0
2536	136.539	0
2544	136.395	0
2552	136.251	0
2560	136.107	0
2568	135.962	0
2576	135.818	0
2584	135.673	0
2592	135.528	0
2600	135.383	0
2608	135.238	0
2616	135.092	0
2624	134.946	0
2632	134.8	0
2640	134.654	0
2648	134.508	0
2656	134.361	0
2664	134.214	0
2672	134.067	0
2680	133.92	0
2688	133.772	0
2696	133.625	0
2704	133.477	0
2712	133.329	0
2720	133.18	0
2728	133.032	0
2736	132.883	0
2744	132.734	0
2752	132.585	0
2760	132.435	0
2768	132.286	0
2776	132.136	0
2784	131.986	0
2792	131.836	0
2800	131.685	0
2808	131.534	0
2816	131.383	0
2824	131.232	0
2832	131.081	0
2840	130.929	0
2848	130.777	0
2856	130.625	0
2864	130.473	0
2872	130.32	0
2880	130.168	0
2888	130.015	0
2896	129.861	0
2904	129.708	0
2912	129.554	0
2920	129.4	0
2928	129.246	0
2936	129.092	0
2944	128.937	0
2952	128.782	0
2960	128.627	0
2968	128.472	0
2976	128.316	0
2984	128.161	0
2992	128.005	0
3000	127.848	0
3008	127.692	0
3016	127.535	0
3024	127.378	0
3032	127.221	0
3040	127.064	0
3048	126.906	0
3056	126.748	0
3064	126.59	0
3072	126.431	0
3080	126.273	0
3088	126.114	0
3096	125.955	0
3104	125.795	0
3112	125.636	0
3120	125.476	0
3128	125.316	0
3136	125.155	0
3144	124.995	0
3152	124.834	0
3160	124.673	0
3168	124.511	0
3176	124.35	0
3184	124.188	0
3192	124.026	0
3200	123.864	0
3208	123.701	0
3216	123.538	0
3224	123.375	0
3232	123.212	0
3240	123.048	0
3248	122.884	0
3256	122.72	0
3264	122.556	0
3272	122.391	0
3280	122.226	0
3288	122.061	0
3296	121.895	0
3304	121.73	0
3312	121.564	0
3320	121.398	0
3328	121.231	0
3336	121.064	0
3344	120.897	0
3352	120.73	0
3360	120.563	0
3368	120.395	0
3376	120.227	0
3384	120.059	0
3392	119.89	0
3400	119.721	0
3408	119.552	0
3416	119.383	0
3424	119.213	0
3432	119.043	0
3440	118.873	0
3448	118.702	0
3456	118.532	0
3464	118.361	0
3472	118.189	0
3480	118.018	0
3488	117.846	0
3496	117.674	0
3504	117.502	0
3512	117.329	0
3520	117.156	0
3528	116.983	0
3536	116.809	0
3544	116.636	0
3552	116.462	0
3560	116.287	0
3568	116.113	0
3576	115.938	0
3584	115.763	0
3592	115.587	0
3600	115.412	0
3608	115.236	0
3616	115.059	0
3624	114.883	0
3632	114.706	0
3640	114.529	0
3648	114.351	0
3656	114.174	0
3664	113.996	0
3672	113.817	0
3680	113.639	0
3688	113.46	0
3696	113.281	0
3704	113.101	0
3712	112.922	0
3720	112.742	0
3728	112.561	0
3736	112.381	0
3744	112.2	0
3752	112.019	0
3760	111.837	0
3768	111.656	0
3776	111.474	0
3784	111.291	0
3792	111.109	0
3800	110.926	0
3808	110.742	0
3816	110.559	0
3824	110.375	0
3832	110.191	0
3840	110.006	0
3848	109.822	0
3856	109.637	0
3864	109.451	0
3872	109.266	0
3880	109.08	0
3888	108.893	0
