# B map @ z = 700mm, garfield++ simulation CERN piecewise fit
# t	r	phi
0	181.931	0
8	181.478	0
16	181.026	0
24	180.574	0
32	180.122	0
40	179.669	0
48	179.217	0
56	178.765	0
64	178.313	0
72	177.86	0
80	177.408	0
88	176.956	0
96	176.504	0
104	176.051	0
112	175.599	0
120	175.147	0
128	174.695	0
136	174.242	0
144	173.678	0
152	173.578	0
160	173.478	0
168	173.379	0
176	173.279	0
184	173.179	0
192	173.079	0
200	172.979	0
208	172.878	0
216	172.778	0
224	172.678	0
232	172.578	0
240	172.477	0
248	172.377	0
256	172.277	0
264	172.176	0
272	172.076	0
280	171.975	0
288	171.875	0
296	171.774	0
304	171.673	0
312	171.573	0
320	171.472	0
328	171.371	0
336	171.27	0
344	171.169	0
352	171.068	0
360	170.967	0
368	170.866	0
376	170.765	0
384	170.664	0
392	170.562	0
400	170.461	0
408	170.36	0
416	170.258	0
424	170.157	0
432	170.055	0
440	169.954	0
448	169.852	0
456	169.75	0
464	169.648	0
472	169.547	0
480	169.445	0
488	169.343	0
496	169.241	0
504	169.139	0
512	169.037	0
520	168.935	0
528	168.832	0
536	168.73	0
544	168.628	0
552	168.525	0
560	168.423	0
568	168.32	0
576	168.218	0
584	168.115	0
592	168.012	0
600	167.91	0
608	167.807	0
616	167.704	0
624	167.601	0
632	167.498	0
640	167.395	0
648	167.292	0
656	167.189	0
664	167.085	0
672	166.982	0
680	166.879	0
688	166.775	0
696	166.672	0
704	166.568	0
712	166.464	0
720	166.361	0
728	166.257	0
736	166.153	0
744	166.049	0
752	165.945	0
760	165.841	0
768	165.737	0
776	165.633	0
784	165.529	0
792	165.424	0.0300408
800	165.32	0.0302736
808	165.215	0.0305059
816	165.111	0.0307378
824	165.006	0.0309692
832	164.902	0.0312002
840	164.797	0.0314307
848	164.692	0.0316608
856	164.587	0.0318904
864	164.482	0.0321196
872	164.377	0.0323483
880	164.272	0.0325767
888	164.167	0.0328046
896	164.062	0.0330321
904	163.956	0.0332592
912	163.851	0.0334859
920	163.746	0.0337121
928	163.64	0.033938
936	163.534	0.0341635
944	163.429	0.0343886
952	163.323	0.0346133
960	163.217	0.0348376
968	163.111	0.0350616
976	163.005	0.0352852
984	162.899	0.0355084
992	162.793	0.0357312
1000	162.687	0.0359537
1008	162.58	0.0361759
1016	162.474	0.0363977
1024	162.368	0.0366192
1032	162.261	0.0368403
1040	162.154	0.0370611
1048	162.048	0.0372815
1056	161.941	0.0375017
1064	161.834	0.0377215
1072	161.727	0.037941
1080	161.62	0.0381602
1088	161.513	0.0383791
1096	161.406	0.0385977
1104	161.299	0.038816
1112	161.191	0.039034
1120	161.084	0.0392517
1128	160.977	0.0394692
1136	160.869	0.0396863
1144	160.761	0.0399032
1152	160.654	0.0401199
1160	160.546	0.0403362
1168	160.438	0.0405523
1176	160.33	0.0407682
1184	160.222	0.0409838
1192	160.114	0.0411991
1200	160.005	0.0414143
1208	159.897	0.0416291
1216	159.789	0.0418438
1224	159.68	0.0420582
1232	159.572	0.0422724
1240	159.463	0.0424864
1248	159.354	0.0427002
1256	159.245	0.0429138
1264	159.136	0.0431272
1272	159.027	0.0433403
1280	158.918	0.0435533
1288	158.809	0.0437661
1296	158.7	0.0439787
1304	158.591	0.0441912
1312	158.481	0.0444034
1320	158.372	0.0446155
1328	158.262	0.0448274
1336	158.152	0.0450392
1344	158.042	0.0452508
1352	157.933	0.0454623
1360	157.823	0.0456736
1368	157.712	0.0458848
1376	157.602	0.0460958
1384	157.492	0.0463067
1392	157.382	0.0465175
1400	157.271	0.0467281
1408	157.161	0.0469387
1416	157.05	0.0471491
1424	156.939	0.0473594
1432	156.829	0.0475696
1440	156.718	0.0477798
1448	156.607	0.0479898
1456	156.495	0.0481997
1464	156.384	0.0484096
1472	156.273	0.0486193
1480	156.162	0.048829
1488	156.05	0.0490386
1496	155.939	0.0492482
1504	155.827	0.0494577
1512	155.715	0.0496671
1520	155.603	0.0498765
1528	155.491	0.0500858
1536	155.379	0.0502951
1544	155.267	0.0505044
1552	155.155	0.0507136
1560	155.042	0.0509228
1568	154.93	0.051132
1576	154.817	0.0513411
1584	154.705	0.0515502
1592	154.592	0.0517594
1600	154.479	0.0519685
1608	154.366	0.0521776
1616	154.253	0.0523867
1624	154.14	0.0525958
1632	154.027	0.052805
1640	153.913	0.0530141
1648	153.8	0.0532233
1656	153.686	0.0534325
1664	153.573	0.0536418
1672	153.459	0.0538511
1680	153.345	0.0540604
1688	153.231	0.0542697
1696	153.117	0.0544792
1704	153.003	0.0546886
1712	152.889	0.0548982
1720	152.774	0.0551078
1728	152.66	0.0553174
1736	152.545	0.0555272
1744	152.431	0.055737
1752	152.316	0.0559469
1760	152.201	0.0561569
1768	152.086	0.0563669
1776	151.971	0.0565771
1784	151.855	0.0567874
1792	151.74	0.0569978
1800	151.625	0.0572083
1808	151.509	0.0574189
1816	151.393	0.0576296
1824	151.278	0.0578405
1832	151.162	0.0580515
1840	151.046	0.0582626
1848	150.93	0.0584739
1856	150.814	0.0586853
1864	150.697	0.0588969
1872	150.581	0.0591086
1880	150.464	0.0593204
1888	150.348	0.0595325
1896	150.231	0.0597447
1904	150.114	0.059957
1912	149.997	0.0601696
1920	149.88	0.0603823
1928	149.763	0.0605952
1936	149.645	0.0608084
1944	149.528	0.0610217
1952	149.41	0.0612352
1960	149.293	0.0614489
1968	149.175	0.0616628
1976	149.057	0.0618769
1984	148.939	0.0620913
1992	148.821	0.0623058
2000	148.703	0.0625206
2008	148.584	0.0627357
2016	148.466	0.062951
2024	148.347	0.0631665
2032	148.229	0.0633822
2040	148.11	0.0635983
2048	147.991	0.0638145
2056	147.872	0.0640311
2064	147.753	0.0642479
2072	147.634	0.0644649
2080	147.514	0.0646823
2088	147.395	0.0648999
2096	147.275	0.0651178
2104	147.155	0.065336
2112	147.035	0.0655545
2120	146.915	0.0657733
2128	146.795	0.0659924
2136	146.675	0.0662118
2144	146.555	0.0664315
2152	146.434	0.0666515
2160	146.314	0.0668719
2168	146.193	0.0670925
2176	146.072	0.0673135
2184	145.951	0.0675349
2192	145.83	0.0677566
2200	145.709	0.0679786
2208	145.587	0.068201
2216	145.466	0.0684237
2224	145.344	0.0686468
2232	145.223	0.0688703
2240	145.101	0.0690941
2248	144.979	0.0693183
2256	144.857	0.0695429
2264	144.735	0.0697678
2272	144.612	0.0699932
2280	144.49	0.0702189
2288	144.367	0.070445
2296	144.245	0.0706716
2304	144.122	0.0708985
2312	143.999	0.0711259
2320	143.876	0.0713536
2328	143.752	0.0715818
2336	143.629	0.0718104
2344	143.506	0.0720395
2352	143.382	0.072269
2360	143.258	0.0724989
2368	143.134	0.0727292
2376	143.01	0.07296
2384	142.886	0.0731913
2392	142.762	0.073423
2400	142.638	0.0736552
2408	142.513	0.0738878
2416	142.389	0.074121
2424	142.264	0.0743545
2432	142.139	0.0745886
2440	142.014	0.0748232
2448	141.889	0.0750582
2456	141.763	0.0752938
2464	141.638	0.0755298
2472	141.512	0.0757664
2480	141.387	0.0760034
2488	141.261	0.076241
2496	141.135	0.0764791
2504	141.009	0.0767177
2512	140.883	0.0769568
2520	140.756	0.0771965
2528	140.63	0.0774367
2536	140.503	0.0776774
2544	140.376	0.0779187
2552	140.249	0.0781606
2560	140.122	0.078403
2568	139.995	0.0786459
2576	139.868	0.0788895
2584	139.74	0.0791336
2592	139.613	0.0793782
2600	139.485	0.0796235
2608	139.357	0.0798693
2616	139.229	0.0801157
2624	139.101	0.0803628
2632	138.973	0.0806104
2640	138.844	0.0808586
2648	138.716	0.0811074
2656	138.587	0.0813568
2664	138.458	0.0816069
2672	138.329	0.0818576
2680	138.2	0.0821088
2688	138.071	0.0823608
2696	137.941	0.0826133
2704	137.812	0.0828665
2712	137.682	0.0831204
2720	137.552	0.0833749
2728	137.422	0.08363
2736	137.292	0.0838858
2744	137.162	0.0841423
2752	137.031	0.0843994
2760	136.901	0.0846572
2768	136.77	0.0849157
2776	136.639	0.0851749
2784	136.508	0.0854347
2792	136.377	0.0856953
2800	136.246	0.0859565
2808	136.114	0.0862185
2816	135.983	0.0864811
2824	135.851	0.0867445
2832	135.719	0.0870085
2840	135.587	0.0872733
2848	135.455	0.0875389
2856	135.322	0.0878051
2864	135.19	0.0880721
2872	135.057	0.0883398
2880	134.925	0.0886082
2888	134.792	0.0888774
2896	134.659	0.0891474
2904	134.525	0.0894181
2912	134.392	0.0896896
2920	134.258	0.0899618
2928	134.125	0.0902348
2936	133.991	0.0905086
2944	133.857	0.0907832
2952	133.723	0.0910585
2960	133.589	0.0913347
2968	133.454	0.0916116
2976	133.32	0.0918893
2984	133.185	0.0921679
2992	133.05	0.0924472
3000	132.915	0.0927274
3008	132.78	0.0930084
3016	132.644	0.0932901
3024	132.509	0.0935728
3032	132.373	0.0938562
3040	132.237	0.0941405
3048	132.101	0.0944256
3056	131.965	0.0947116
3064	131.829	0.0949984
3072	131.693	0.0952861
3080	131.556	0.0955747
3088	131.419	0.0958641
3096	131.282	0.0961543
3104	131.145	0.0964455
3112	131.008	0.0967375
3120	130.871	0.0970304
3128	130.733	0.0973242
3136	130.595	0.0976189
3144	130.457	0.0979145
3152	130.319	0.098211
3160	130.181	0.0985084
3168	130.043	0.0988067
3176	129.904	0.0991059
3184	129.766	0.099406
3192	129.627	0.0997071
3200	129.488	0.100009
3208	129.349	0.100312
3216	129.21	0.100616
3224	129.07	0.100921
3232	128.93	0.101226
3240	128.791	0.101533
3248	128.651	0.101841
3256	128.511	0.102149
3264	128.37	0.102459
3272	128.23	0.10277
3280	128.089	0.103081
3288	127.948	0.103394
3296	127.808	0.103707
3304	127.666	0.104022
3312	127.525	0.104337
3320	127.384	0.104654
3328	127.242	0.104971
3336	127.1	0.10529
3344	126.958	0.105609
3352	126.816	0.10593
3360	126.674	0.106251
3368	126.532	0.106574
3376	126.389	0.106898
3384	126.246	0.107222
3392	126.103	0.107548
3400	125.96	0.107875
3408	125.817	0.108202
3416	125.673	0.108531
3424	125.53	0.108861
3432	125.386	0.109192
3440	125.242	0.109524
3448	125.098	0.109857
3456	124.954	0.110192
3464	124.809	0.110527
3472	124.664	0.110863
3480	124.52	0.111201
3488	124.375	0.111539
3496	124.229	0.111879
3504	124.084	0.11222
3512	123.939	0.112562
3520	123.793	0.112905
3528	123.647	0.113249
3536	123.501	0.113594
3544	123.355	0.11394
3552	123.208	0.114288
3560	123.062	0.114637
3568	122.915	0.114986
3576	122.768	0.115337
3584	122.621	0.11569
3592	122.474	0.116043
3600	122.326	0.116397
3608	122.179	0.116753
3616	122.031	0.11711
3624	121.883	0.117468
3632	121.735	0.117827
3640	121.587	0.118187
3648	121.438	0.118549
3656	121.289	0.118911
3664	121.141	0.119275
3672	120.992	0.11964
3680	120.842	0.120007
3688	120.693	0.120374
3696	120.543	0.120743
3704	120.394	0.121113
3712	120.244	0.121484
3720	120.093	0.121857
3728	119.943	0.12223
3736	119.793	0.122605
3744	119.642	0.122981
3752	119.491	0.123359
3760	119.34	0.123737
3768	119.189	0.124117
3776	119.038	0.124499
3784	118.886	0.124881
3792	118.734	0.125265
3800	118.582	0.12565
3808	118.43	0.126036
3816	118.278	0.126424
3824	118.125	0.126813
3832	117.973	0.127203
3840	117.82	0.127594
3848	117.667	0.127987
3856	117.513	0.128381
3864	117.36	0.128777
3872	117.206	0.129174
3880	117.052	0.129572
3888	116.898	0.129971
3896	116.744	0.130372
3904	116.59	0.130774
3912	116.435	0.131177
3920	116.281	0.131582
3928	116.126	0.131988
3936	115.97	0.132396
3944	115.815	0.132805
3952	115.66	0.133215
3960	115.504	0.133627
3968	115.348	0.13404
3976	115.192	0.134454
3984	115.036	0.13487
3992	114.879	0.135287
4000	114.723	0.135705
4008	114.566	0.136125
4016	114.409	0.136547
4024	114.251	0.13697
4032	114.094	0.137394
4040	113.936	0.137819
4048	113.779	0.138246
4056	113.621	0.138675
4064	113.462	0.139105
4072	113.304	0.139536
4080	113.145	0.139969
4088	112.987	0.140403
4096	112.828	0.140839
4104	112.668	0.141276
4112	112.509	0.141715
4120	112.349	0.142155
4128	112.19	0.142596
4136	112.03	0.143039
4144	111.869	0.143484
4152	111.709	0.14393
4160	111.549	0.144377
4168	111.388	0.144826
4176	111.227	0.145277
4184	111.066	0.145729
4192	110.904	0.146182
4200	110.743	0.146637
4208	110.581	0.147094
4216	110.419	0.147552
4224	110.257	0.148011
4232	110.094	0.148473
4240	109.932	0.148935
4248	109.769	0.149399
4256	109.606	0.149865
4264	109.443	0.150332
4272	109.28	0.150801
4280	109.116	0.151272
4288	108.952	0.151744
