# B map @ z = 710mm, garfield++ simulation CERN piecewise fit
# t	r	phi
0	181.931	0
8	181.478	0
16	181.026	0
24	180.574	0
32	180.122	0
40	179.669	0
48	179.217	0
56	178.765	0
64	178.313	0
72	177.86	0
80	177.408	0
88	176.956	0
96	176.504	0
104	176.051	0
112	175.599	0
120	175.147	0
128	174.695	0
136	174.242	0
144	173.674	0
152	173.574	0
160	173.474	0
168	173.375	0
176	173.275	0
184	173.175	0
192	173.075	0
200	172.975	0
208	172.875	0
216	172.775	0
224	172.675	0
232	172.575	0
240	172.474	0
248	172.374	0
256	172.274	0
264	172.174	0
272	172.073	0
280	171.973	0
288	171.872	0
296	171.772	0
304	171.671	0
312	171.57	0
320	171.47	0
328	171.369	0
336	171.268	0
344	171.167	0
352	171.066	0
360	170.965	0
368	170.864	0
376	170.763	0
384	170.662	0
392	170.561	0
400	170.46	0
408	170.359	0
416	170.257	0
424	170.156	0
432	170.054	0
440	169.953	0
448	169.851	0
456	169.75	0
464	169.648	0
472	169.546	0
480	169.444	0
488	169.343	0
496	169.241	0
504	169.139	0
512	169.037	0
520	168.935	0
528	168.832	0
536	168.73	0
544	168.628	0
552	168.526	0
560	168.423	0
568	168.321	0
576	168.218	0
584	168.116	0
592	168.013	0
600	167.91	0
608	167.808	0
616	167.705	0
624	167.602	0
632	167.499	0
640	167.396	0
648	167.293	0
656	167.19	0
664	167.086	0
672	166.983	0
680	166.88	0
688	166.776	0
696	166.673	0
704	166.569	0
712	166.466	0
720	166.362	0
728	166.258	0
736	166.155	0
744	166.051	0
752	165.947	0
760	165.843	0
768	165.739	0
776	165.635	0
784	165.53	0
792	165.426	0.0300181
800	165.322	0.0302506
808	165.217	0.0304827
816	165.113	0.0307143
824	165.008	0.0309454
832	164.904	0.0311761
840	164.799	0.0314064
848	164.694	0.0316362
856	164.589	0.0318656
864	164.484	0.0320946
872	164.379	0.0323232
880	164.274	0.0325513
888	164.169	0.0327791
896	164.064	0.0330064
904	163.959	0.0332333
912	163.853	0.0334598
920	163.748	0.033686
928	163.642	0.0339117
936	163.537	0.0341371
944	163.431	0.0343621
952	163.325	0.0345867
960	163.219	0.0348109
968	163.114	0.0350348
976	163.008	0.0352583
984	162.902	0.0354815
992	162.795	0.0357043
1000	162.689	0.0359268
1008	162.583	0.0361489
1016	162.477	0.0363707
1024	162.37	0.0365921
1032	162.264	0.0368132
1040	162.157	0.037034
1048	162.05	0.0372545
1056	161.944	0.0374747
1064	161.837	0.0376946
1072	161.73	0.0379141
1080	161.623	0.0381334
1088	161.516	0.0383523
1096	161.409	0.038571
1104	161.301	0.0387893
1112	161.194	0.0390074
1120	161.087	0.0392253
1128	160.979	0.0394428
1136	160.872	0.0396601
1144	160.764	0.0398771
1152	160.656	0.0400938
1160	160.549	0.0403103
1168	160.441	0.0405266
1176	160.333	0.0407426
1184	160.225	0.0409584
1192	160.116	0.0411739
1200	160.008	0.0413892
1208	159.9	0.0416042
1216	159.791	0.0418191
1224	159.683	0.0420337
1232	159.574	0.0422481
1240	159.466	0.0424623
1248	159.357	0.0426763
1256	159.248	0.0428901
1264	159.139	0.0431038
1272	159.03	0.0433172
1280	158.921	0.0435304
1288	158.812	0.0437435
1296	158.703	0.0439563
1304	158.593	0.044169
1312	158.484	0.0443816
1320	158.374	0.0445939
1328	158.265	0.0448062
1336	158.155	0.0450182
1344	158.045	0.0452301
1352	157.935	0.0454419
1360	157.825	0.0456535
1368	157.715	0.045865
1376	157.605	0.0460764
1384	157.495	0.0462876
1392	157.384	0.0464988
1400	157.274	0.0467098
1408	157.163	0.0469206
1416	157.053	0.0471314
1424	156.942	0.0473421
1432	156.831	0.0475527
1440	156.72	0.0477632
1448	156.609	0.0479736
1456	156.498	0.0481839
1464	156.387	0.0483941
1472	156.276	0.0486043
1480	156.164	0.0488144
1488	156.053	0.0490244
1496	155.941	0.0492343
1504	155.829	0.0494443
1512	155.718	0.0496541
1520	155.606	0.0498639
1528	155.494	0.0500737
1536	155.382	0.0502834
1544	155.27	0.0504931
1552	155.157	0.0507027
1560	155.045	0.0509124
1568	154.932	0.051122
1576	154.82	0.0513316
1584	154.707	0.0515412
1592	154.594	0.0517508
1600	154.482	0.0519604
1608	154.369	0.0521699
1616	154.256	0.0523795
1624	154.142	0.0525891
1632	154.029	0.0527988
1640	153.916	0.0530084
1648	153.802	0.0532181
1656	153.689	0.0534278
1664	153.575	0.0536375
1672	153.461	0.0538473
1680	153.347	0.0540571
1688	153.233	0.054267
1696	153.119	0.0544769
1704	153.005	0.0546869
1712	152.891	0.0548969
1720	152.776	0.055107
1728	152.662	0.0553172
1736	152.547	0.0555275
1744	152.433	0.0557378
1752	152.318	0.0559482
1760	152.203	0.0561588
1768	152.088	0.0563694
1776	151.973	0.0565801
1784	151.857	0.0567909
1792	151.742	0.0570018
1800	151.627	0.0572129
1808	151.511	0.057424
1816	151.395	0.0576353
1824	151.28	0.0578467
1832	151.164	0.0580582
1840	151.048	0.0582699
1848	150.932	0.0584817
1856	150.815	0.0586937
1864	150.699	0.0589058
1872	150.583	0.0591181
1880	150.466	0.0593305
1888	150.349	0.0595431
1896	150.232	0.0597559
1904	150.116	0.0599688
1912	149.999	0.0601819
1920	149.881	0.0603952
1928	149.764	0.0606087
1936	149.647	0.0608223
1944	149.529	0.0610362
1952	149.412	0.0612503
1960	149.294	0.0614645
1968	149.176	0.061679
1976	149.059	0.0618937
1984	148.94	0.0621086
1992	148.822	0.0623238
2000	148.704	0.0625392
2008	148.586	0.0627548
2016	148.467	0.0629706
2024	148.349	0.0631867
2032	148.23	0.063403
2040	148.111	0.0636196
2048	147.992	0.0638364
2056	147.873	0.0640535
2064	147.754	0.0642709
2072	147.635	0.0644885
2080	147.515	0.0647064
2088	147.396	0.0649246
2096	147.276	0.0651431
2104	147.156	0.0653619
2112	147.036	0.0655809
2120	146.916	0.0658003
2128	146.796	0.0660199
2136	146.676	0.0662399
2144	146.555	0.0664601
2152	146.435	0.0666807
2160	146.314	0.0669016
2168	146.194	0.0671229
2176	146.073	0.0673444
2184	145.952	0.0675663
2192	145.831	0.0677885
2200	145.709	0.0680111
2208	145.588	0.068234
2216	145.467	0.0684573
2224	145.345	0.068681
2232	145.223	0.0689049
2240	145.101	0.0691293
2248	144.979	0.069354
2256	144.857	0.0695792
2264	144.735	0.0698046
2272	144.613	0.0700305
2280	144.49	0.0702568
2288	144.368	0.0704834
2296	144.245	0.0707105
2304	144.122	0.070938
2312	143.999	0.0711658
2320	143.876	0.0713941
2328	143.753	0.0716228
2336	143.629	0.0718519
2344	143.506	0.0720815
2352	143.382	0.0723114
2360	143.259	0.0725419
2368	143.135	0.0727727
2376	143.011	0.073004
2384	142.887	0.0732358
2392	142.762	0.0734679
2400	142.638	0.0737006
2408	142.513	0.0739337
2416	142.389	0.0741673
2424	142.264	0.0744014
2432	142.139	0.0746359
2440	142.014	0.0748709
2448	141.889	0.0751064
2456	141.763	0.0753424
2464	141.638	0.0755789
2472	141.512	0.0758159
2480	141.387	0.0760534
2488	141.261	0.0762914
2496	141.135	0.0765299
2504	141.009	0.076769
2512	140.882	0.0770085
2520	140.756	0.0772486
2528	140.63	0.0774892
2536	140.503	0.0777304
2544	140.376	0.0779721
2552	140.249	0.0782143
2560	140.122	0.0784571
2568	139.995	0.0787005
2576	139.868	0.0789444
2584	139.74	0.0791889
2592	139.612	0.0794339
2600	139.485	0.0796795
2608	139.357	0.0799257
2616	139.229	0.0801725
2624	139.101	0.0804198
2632	138.972	0.0806678
2640	138.844	0.0809163
2648	138.715	0.0811655
2656	138.587	0.0814153
2664	138.458	0.0816656
2672	138.329	0.0819166
2680	138.2	0.0821682
2688	138.07	0.0824204
2696	137.941	0.0826733
2704	137.811	0.0829268
2712	137.682	0.0831809
2720	137.552	0.0834357
2728	137.422	0.0836911
2736	137.292	0.0839472
2744	137.161	0.0842039
2752	137.031	0.0844613
2760	136.9	0.0847193
2768	136.77	0.084978
2776	136.639	0.0852374
2784	136.508	0.0854975
2792	136.376	0.0857583
2800	136.245	0.0860197
2808	136.114	0.0862818
2816	135.982	0.0865447
2824	135.85	0.0868082
2832	135.719	0.0870725
2840	135.587	0.0873374
2848	135.454	0.0876031
2856	135.322	0.0878695
2864	135.19	0.0881366
2872	135.057	0.0884045
2880	134.924	0.088673
2888	134.791	0.0889424
2896	134.658	0.0892124
2904	134.525	0.0894832
2912	134.392	0.0897548
2920	134.258	0.0900271
2928	134.124	0.0903002
2936	133.991	0.0905741
2944	133.857	0.0908487
2952	133.722	0.0911241
2960	133.588	0.0914003
2968	133.454	0.0916772
2976	133.319	0.091955
2984	133.185	0.0922336
2992	133.05	0.0925129
3000	132.915	0.0927931
3008	132.779	0.093074
3016	132.644	0.0933558
3024	132.509	0.0936384
3032	132.373	0.0939218
3040	132.237	0.094206
3048	132.101	0.0944911
3056	131.965	0.094777
3064	131.829	0.0950638
3072	131.692	0.0953513
3080	131.556	0.0956398
3088	131.419	0.0959291
3096	131.282	0.0962192
3104	131.145	0.0965102
3112	131.008	0.0968021
3120	130.871	0.0970949
3128	130.733	0.0973885
3136	130.595	0.097683
3144	130.458	0.0979784
3152	130.32	0.0982747
3160	130.181	0.0985719
3168	130.043	0.09887
3176	129.905	0.099169
3184	129.766	0.0994689
3192	129.627	0.0997697
3200	129.488	0.100071
3208	129.349	0.100374
3216	129.21	0.100678
3224	129.07	0.100982
3232	128.931	0.101288
3240	128.791	0.101594
3248	128.651	0.101901
3256	128.511	0.10221
3264	128.371	0.102519
3272	128.23	0.102829
3280	128.09	0.10314
3288	127.949	0.103452
3296	127.808	0.103766
3304	127.667	0.10408
3312	127.526	0.104395
3320	127.384	0.104711
3328	127.243	0.105028
3336	127.101	0.105346
3344	126.959	0.105665
3352	126.817	0.105985
3360	126.675	0.106306
3368	126.533	0.106628
3376	126.39	0.106951
3384	126.247	0.107275
3392	126.104	0.107601
3400	125.961	0.107927
3408	125.818	0.108254
3416	125.675	0.108582
3424	125.531	0.108912
3432	125.387	0.109242
3440	125.243	0.109573
3448	125.099	0.109906
3456	124.955	0.110239
3464	124.811	0.110574
3472	124.666	0.11091
3480	124.521	0.111247
3488	124.376	0.111584
3496	124.231	0.111923
3504	124.086	0.112263
3512	123.941	0.112605
3520	123.795	0.112947
3528	123.649	0.11329
3536	123.503	0.113635
3544	123.357	0.11398
3552	123.211	0.114327
3560	123.064	0.114675
3568	122.918	0.115024
3576	122.771	0.115374
3584	122.624	0.115725
3592	122.477	0.116077
3600	122.329	0.116431
3608	122.182	0.116786
3616	122.034	0.117141
3624	121.886	0.117498
3632	121.738	0.117857
3640	121.59	0.118216
3648	121.441	0.118576
3656	121.293	0.118938
3664	121.144	0.119301
3672	120.995	0.119665
3680	120.846	0.12003
3688	120.696	0.120397
3696	120.547	0.120764
3704	120.397	0.121133
3712	120.247	0.121503
3720	120.097	0.121875
3728	119.947	0.122247
3736	119.797	0.122621
3744	119.646	0.122996
3752	119.495	0.123372
3760	119.345	0.12375
3768	119.193	0.124128
3776	119.042	0.124508
3784	118.891	0.124889
3792	118.739	0.125272
3800	118.587	0.125656
3808	118.435	0.126041
3816	118.283	0.126427
3824	118.13	0.126814
3832	117.978	0.127203
3840	117.825	0.127593
3848	117.672	0.127985
3856	117.519	0.128377
3864	117.366	0.128771
3872	117.212	0.129167
3880	117.058	0.129563
3888	116.905	0.129961
3896	116.75	0.130361
3904	116.596	0.130761
3912	116.442	0.131163
3920	116.287	0.131566
3928	116.132	0.131971
3936	115.977	0.132377
3944	115.822	0.132784
3952	115.667	0.133193
3960	115.511	0.133603
3968	115.355	0.134014
3976	115.199	0.134427
3984	115.043	0.134841
3992	114.887	0.135256
4000	114.73	0.135673
4008	114.574	0.136091
4016	114.417	0.136511
4024	114.26	0.136932
4032	114.102	0.137354
4040	113.945	0.137778
4048	113.787	0.138203
4056	113.629	0.13863
4064	113.471	0.139058
4072	113.313	0.139487
4080	113.154	0.139918
4088	112.996	0.14035
4096	112.837	0.140784
4104	112.678	0.141219
4112	112.519	0.141656
4120	112.359	0.142094
4128	112.2	0.142533
4136	112.04	0.142974
4144	111.88	0.143416
4152	111.72	0.14386
4160	111.559	0.144306
4168	111.399	0.144753
4176	111.238	0.145201
4184	111.077	0.145651
4192	110.916	0.146102
4200	110.754	0.146555
4208	110.593	0.147009
4216	110.431	0.147465
4224	110.269	0.147922
4232	110.107	0.148381
4240	109.944	0.148841
4248	109.782	0.149303
4256	109.619	0.149766
4264	109.456	0.150231
4272	109.293	0.150698
4280	109.129	0.151165
4288	108.966	0.151635
