# B = 0.00 T, garfield++ simulation CERN
# t	r	phi
0	182.25	0.0000
10	181.59	0.0000
20	180.93	0.0000
30	180.27	0.0000
40	179.61	0.0000
50	178.95	0.0000
60	178.28	0.0000
70	177.62	0.0000
80	176.96	0.0000
90	176.30	0.0000
100	175.64	0.0000
110	174.98	0.0000
120	174.32	0.0000
130	173.66	0.0000
140	173.16	0.0000
150	173.02	0.0000
160	172.89	0.0000
170	172.75	0.0000
180	172.62	0.0000
190	172.48	0.0000
200	172.34	0.0000
210	172.21	0.0000
220	172.07	0.0000
230	171.94	0.0000
240	171.80	0.0000
250	171.67	0.0000
260	171.53	0.0000
270	171.40	0.0000
280	171.26	0.0000
290	171.12	0.0000
300	170.99	0.0000
310	170.85	0.0000
320	170.72	0.0000
330	170.58	0.0000
340	170.44	0.0000
350	170.31	0.0000
360	170.17	0.0000
370	170.03	0.0000
380	169.90	0.0000
390	169.76	0.0000
400	169.63	0.0000
410	169.49	0.0000
420	169.35	0.0000
430	169.22	0.0000
440	169.08	0.0000
450	168.94	0.0000
460	168.81	0.0000
470	168.67	0.0000
480	168.53	0.0000
490	168.39	0.0000
500	168.26	0.0000
510	168.12	0.0000
520	167.98	0.0000
530	167.85	0.0000
540	167.71	0.0000
550	167.57	0.0000
560	167.43	0.0000
570	167.30	0.0000
580	167.16	0.0000
590	167.02	0.0000
600	166.88	0.0000
610	166.74	0.0000
620	166.61	0.0000
630	166.47	0.0000
640	166.33	0.0000
650	166.19	0.0000
660	166.05	0.0000
670	165.91	0.0000
680	165.78	0.0000
690	165.64	0.0000
700	165.50	0.0000
710	165.36	0.0000
720	165.22	0.0000
730	165.08	0.0000
740	164.94	0.0000
750	164.80	0.0000
760	164.66	0.0000
770	164.52	0.0000
780	164.39	0.0000
790	164.25	0.0000
800	164.11	0.0000
810	163.97	0.0000
820	163.83	0.0000
830	163.69	0.0000
840	163.55	0.0000
850	163.41	0.0000
860	163.27	0.0000
870	163.12	0.0000
880	162.98	0.0000
890	162.84	0.0000
900	162.70	0.0000
910	162.56	0.0000
920	162.42	0.0000
930	162.28	0.0000
940	162.14	0.0000
950	162.00	0.0000
960	161.85	0.0000
970	161.71	0.0000
980	161.57	0.0000
990	161.43	0.0000
1000	161.29	0.0000
1010	161.15	0.0000
1020	161.00	0.0000
1030	160.86	0.0000
1040	160.72	0.0000
1050	160.58	0.0000
1060	160.43	0.0000
1070	160.29	0.0000
1080	160.15	0.0000
1090	160.00	0.0000
1100	159.86	0.0000
1110	159.72	0.0000
1120	159.57	0.0000
1130	159.43	0.0000
1140	159.29	0.0000
1150	159.14	0.0000
1160	159.00	0.0000
1170	158.85	0.0000
1180	158.71	0.0000
1190	158.56	0.0000
1200	158.42	0.0000
1210	158.27	0.0000
1220	158.13	0.0000
1230	157.98	0.0000
1240	157.84	0.0000
1250	157.69	0.0000
1260	157.55	0.0000
1270	157.40	0.0000
1280	157.25	0.0000
1290	157.11	0.0000
1300	156.96	0.0000
1310	156.82	0.0000
1320	156.67	0.0000
1330	156.52	0.0000
1340	156.38	0.0000
1350	156.23	0.0000
1360	156.08	0.0000
1370	155.93	0.0000
1380	155.79	0.0000
1390	155.64	0.0000
1400	155.49	0.0000
1410	155.34	0.0000
1420	155.19	0.0000
1430	155.05	0.0000
1440	154.90	0.0000
1450	154.75	0.0000
1460	154.60	0.0000
1470	154.45	0.0000
1480	154.30	0.0000
1490	154.15	0.0000
1500	154.00	0.0000
1510	153.85	0.0000
1520	153.70	0.0000
1530	153.55	0.0000
1540	153.40	0.0000
1550	153.25	0.0000
1560	153.10	0.0000
1570	152.95	0.0000
1580	152.80	0.0000
1590	152.64	0.0000
1600	152.49	0.0000
1610	152.34	0.0000
1620	152.19	0.0000
1630	152.04	0.0000
1640	151.88	0.0000
1650	151.73	0.0000
1660	151.58	0.0000
1670	151.43	0.0000
1680	151.27	0.0000
1690	151.12	0.0000
1700	150.97	0.0000
1710	150.81	0.0000
1720	150.66	0.0000
1730	150.50	0.0000
1740	150.35	0.0000
1750	150.20	0.0000
1760	150.04	0.0000
1770	149.89	0.0000
1780	149.73	0.0000
1790	149.58	0.0000
1800	149.42	0.0000
1810	149.26	0.0000
1820	149.11	0.0000
1830	148.95	0.0000
1840	148.79	0.0000
1850	148.64	0.0000
1860	148.48	0.0000
1870	148.32	0.0000
1880	148.17	0.0000
1890	148.01	0.0000
1900	147.85	0.0000
1910	147.69	0.0000
1920	147.53	0.0000
1930	147.38	0.0000
1940	147.22	0.0000
1950	147.06	0.0000
1960	146.90	0.0000
1970	146.74	0.0000
1980	146.58	0.0000
1990	146.42	0.0000
2000	146.26	0.0000
2010	146.10	0.0000
2020	145.94	0.0000
2030	145.78	0.0000
2040	145.62	0.0000
2050	145.45	0.0000
2060	145.29	0.0000
2070	145.13	0.0000
2080	144.97	0.0000
2090	144.81	0.0000
2100	144.64	0.0000
2110	144.48	0.0000
2120	144.32	0.0000
2130	144.16	0.0000
2140	143.99	0.0000
2150	143.83	0.0000
2160	143.66	0.0000
2170	143.50	0.0000
2180	143.33	0.0000
2190	143.17	0.0000
2200	143.00	0.0000
2210	142.84	0.0000
2220	142.67	0.0000
2230	142.51	0.0000
2240	142.34	0.0000
2250	142.17	0.0000
2260	142.01	0.0000
2270	141.84	0.0000
2280	141.67	0.0000
2290	141.51	0.0000
2300	141.34	0.0000
2310	141.17	0.0000
2320	141.00	0.0000
2330	140.83	0.0000
2340	140.66	0.0000
2350	140.50	0.0000
2360	140.33	0.0000
2370	140.16	0.0000
2380	139.99	0.0000
2390	139.82	0.0000
2400	139.65	0.0000
2410	139.48	0.0000
2420	139.30	0.0000
2430	139.13	0.0000
2440	138.96	0.0000
2450	138.79	0.0000
2460	138.62	0.0000
2470	138.44	0.0000
2480	138.27	0.0000
2490	138.10	0.0000
2500	137.93	0.0000
2510	137.75	0.0000
2520	137.58	0.0000
2530	137.40	0.0000
2540	137.23	0.0000
2550	137.05	0.0000
2560	136.88	0.0000
2570	136.70	0.0000
2580	136.53	0.0000
2590	136.35	0.0000
2600	136.18	0.0000
2610	136.00	0.0000
2620	135.82	0.0000
2630	135.64	0.0000
2640	135.47	0.0000
2650	135.29	0.0000
2660	135.11	0.0000
2670	134.93	0.0000
2680	134.75	0.0000
2690	134.57	0.0000
2700	134.39	0.0000
2710	134.21	0.0000
2720	134.03	0.0000
2730	133.85	0.0000
2740	133.67	0.0000
2750	133.49	0.0000
2760	133.31	0.0000
2770	133.13	0.0000
2780	132.95	0.0000
2790	132.77	0.0000
2800	132.58	0.0000
2810	132.40	0.0000
2820	132.22	0.0000
2830	132.03	0.0000
2840	131.85	0.0000
2850	131.66	0.0000
2860	131.48	0.0000
2870	131.30	0.0000
2880	131.11	0.0000
2890	130.92	0.0000
2900	130.74	0.0000
2910	130.55	0.0000
2920	130.37	0.0000
2930	130.18	0.0000
2940	129.99	0.0000
2950	129.80	0.0000
2960	129.62	0.0000
2970	129.43	0.0000
2980	129.24	0.0000
2990	129.05	0.0000
3000	128.86	0.0000
3010	128.67	0.0000
3020	128.48	0.0000
3030	128.29	0.0000
3040	128.10	0.0000
3050	127.91	0.0000
3060	127.72	0.0000
3070	127.52	0.0000
3080	127.33	0.0000
3090	127.14	0.0000
3100	126.95	0.0000
3110	126.75	0.0000
3120	126.56	0.0000
3130	126.37	0.0000
3140	126.17	0.0000
3150	125.98	0.0000
3160	125.78	0.0000
3170	125.59	0.0000
3180	125.39	0.0000
3190	125.20	0.0000
3200	125.00	0.0000
3210	124.80	0.0000
3220	124.60	0.0000
3230	124.41	0.0000
3240	124.21	0.0000
3250	124.01	0.0000
3260	123.81	0.0000
3270	123.61	0.0000
3280	123.41	0.0000
3290	123.21	0.0000
3300	123.01	0.0000
3310	122.81	0.0000
3320	122.61	0.0000
3330	122.41	0.0000
3340	122.21	0.0000
3350	122.01	0.0000
3360	121.80	0.0000
3370	121.60	0.0000
3380	121.40	0.0000
3390	121.19	0.0000
3400	120.99	0.0000
3410	120.78	0.0000
3420	120.58	0.0000
3430	120.37	0.0000
3440	120.17	0.0000
3450	119.96	0.0000
3460	119.76	0.0000
3470	119.55	0.0000
3480	119.34	0.0000
3490	119.13	0.0000
3500	118.93	0.0000
3510	118.72	0.0000
3520	118.51	0.0000
3530	118.30	0.0000
3540	118.09	0.0000
3550	117.88	0.0000
3560	117.67	0.0000
3570	117.46	0.0000
3580	117.25	0.0000
3590	117.04	0.0000
3600	116.82	0.0000
3610	116.61	0.0000
3620	116.40	0.0000
3630	116.18	0.0000
3640	115.97	0.0000
3650	115.76	0.0000
3660	115.54	0.0000
3670	115.33	0.0000
3680	115.11	0.0000
3690	114.89	0.0000
3700	114.68	0.0000
3710	114.46	0.0000
3720	114.24	0.0000
3730	114.03	0.0000
3740	113.81	0.0000
3750	113.59	0.0000
3760	113.37	0.0000
3770	113.15	0.0000
3780	112.93	0.0000
3790	112.71	0.0000
3800	112.49	0.0000
3810	112.27	0.0000
3820	112.05	0.0000
3830	111.83	0.0000
3840	111.60	0.0000
3850	111.38	0.0000
3860	111.16	0.0000
3870	110.93	0.0000
3880	110.71	0.0000
3890	110.49	0.0000
3900	110.26	0.0000
3910	110.04	0.0000
3920	109.81	0.0000
3930	109.58	0.0000
3940	109.36	0.0000
3950	109.13	0.0000
3960	108.90	0.0000
3970	108.67	0.0000
3980	108.44	0.0000
3990	108.22	0.0000
4000	107.99	0.0000
4010	107.76	0.0000
4020	107.53	0.0000
4030	107.29	0.0000
4040	107.06	0.0000
4050	106.83	0.0000
4060	106.60	0.0000
4070	106.37	0.0000
4080	106.13	0.0000
4090	105.90	0.0000
4100	105.66	0.0000
4110	105.43	0.0000
4120	105.19	0.0000
4130	104.96	0.0000
4140	104.72	0.0000
4150	104.49	0.0000
4160	104.25	0.0000
4170	104.01	0.0000
4180	103.77	0.0000
4190	103.54	0.0000
4200	103.30	0.0000
4210	103.06	0.0000
4220	102.82	0.0000
4230	102.58	0.0000
4240	102.34	0.0000
4250	102.09	0.0000
4260	101.85	0.0000
4270	101.61	0.0000
4280	101.37	0.0000
4290	101.12	0.0000
