# B map @ z = 1095mm, garfield++ simulation CERN piecewise fit
# t	r	phi
0	181.95	0
8	181.468	0
16	180.986	0
24	180.504	0
32	180.022	0
40	179.54	0
48	179.059	0
56	178.577	0
64	178.095	0
72	177.613	0
80	177.131	0
88	176.649	0
96	176.167	0
104	175.686	0
112	175.204	0
120	174.722	0
128	174.24	0
136	173.758	0
144	173.202	0
152	173.097	0
160	172.991	0
168	172.885	0
176	172.779	0
184	172.674	0
192	172.568	0
200	172.462	0
208	172.356	0
216	172.25	0
224	172.144	0
232	172.038	0
240	171.932	0
248	171.826	0
256	171.719	0
264	171.613	0
272	171.507	0
280	171.4	0
288	171.294	0
296	171.187	0
304	171.081	0
312	170.974	0
320	170.868	0
328	170.761	0
336	170.654	0
344	170.548	0
352	170.441	0
360	170.334	0
368	170.227	0
376	170.12	0
384	170.013	0
392	169.906	0
400	169.799	0
408	169.691	0
416	169.584	0
424	169.477	0
432	169.369	0
440	169.262	0
448	169.154	0
456	169.047	0
464	168.939	0
472	168.831	0
480	168.724	0
488	168.616	0
496	168.508	0
504	168.4	0
512	168.292	0
520	168.184	0
528	168.076	0
536	167.967	0
544	167.859	0
552	167.751	0
560	167.642	0
568	167.534	0
576	167.425	0
584	167.317	0
592	167.208	0
600	167.099	0
608	166.991	0
616	166.882	0
624	166.773	0
632	166.664	0
640	166.555	0
648	166.446	0
656	166.336	0
664	166.227	0
672	166.118	0
680	166.008	0
688	165.899	0
696	165.789	0
704	165.68	0
712	165.57	0
720	165.46	0
728	165.35	0
736	165.24	0
744	165.13	0
752	165.02	0
760	164.91	0
768	164.8	0
776	164.689	0
784	164.579	0
792	164.468	0
800	164.358	0
808	164.247	0
816	164.136	0
824	164.026	0
832	163.915	0
840	163.804	0
848	163.693	0
856	163.582	0
864	163.47	0
872	163.359	0
880	163.248	0
888	163.136	0
896	163.025	0
904	162.913	0
912	162.801	0
920	162.69	0
928	162.578	0
936	162.466	0
944	162.354	0
952	162.241	0
960	162.129	0
968	162.017	0
976	161.904	0
984	161.792	0
992	161.679	0
1000	161.567	0
1008	161.454	0
1016	161.341	0
1024	161.228	0
1032	161.115	0
1040	161.002	0
1048	160.889	0
1056	160.775	0
1064	160.662	0
1072	160.548	0
1080	160.435	0
1088	160.321	0
1096	160.207	0
1104	160.093	0
1112	159.979	0
1120	159.865	0
1128	159.751	0
1136	159.637	0
1144	159.523	0
1152	159.408	0
1160	159.294	0
1168	159.179	0
1176	159.064	0
1184	158.949	0
1192	158.834	0
1200	158.719	0
1208	158.604	0
1216	158.489	0
1224	158.373	0
1232	158.258	0
1240	158.142	0
1248	158.027	0
1256	157.911	0
1264	157.795	0
1272	157.679	0
1280	157.563	0
1288	157.447	0
1296	157.33	0
1304	157.214	0
1312	157.097	0
1320	156.981	0
1328	156.864	0
1336	156.747	0
1344	156.63	0
1352	156.513	0
1360	156.396	0
1368	156.279	0
1376	156.161	0
1384	156.044	0
1392	155.926	0
1400	155.808	0
1408	155.69	0
1416	155.573	0
1424	155.454	0
1432	155.336	0
1440	155.218	0
1448	155.1	0
1456	154.981	0
1464	154.862	0
1472	154.744	0
1480	154.625	0
1488	154.506	0
1496	154.387	0
1504	154.267	0
1512	154.148	0
1520	154.029	0
1528	153.909	0
1536	153.789	0
1544	153.669	0
1552	153.55	0
1560	153.429	0
1568	153.309	0
1576	153.189	0
1584	153.069	0
1592	152.948	0
1600	152.827	0
1608	152.707	0
1616	152.586	0
1624	152.465	0
1632	152.343	0
1640	152.222	0
1648	152.101	0
1656	151.979	0
1664	151.857	0
1672	151.736	0
1680	151.614	0
1688	151.492	0
1696	151.369	0
1704	151.247	0
1712	151.125	0
1720	151.002	0
1728	150.879	0
1736	150.757	0
1744	150.634	0
1752	150.511	0
1760	150.387	0
1768	150.264	0
1776	150.14	0
1784	150.017	0
1792	149.893	0
1800	149.769	0
1808	149.645	0
1816	149.521	0
1824	149.397	0
1832	149.272	0
1840	149.148	0
1848	149.023	0
1856	148.898	0
1864	148.773	0
1872	148.648	0
1880	148.523	0
1888	148.397	0
1896	148.272	0
1904	148.146	0
1912	148.02	0
1920	147.894	0
1928	147.768	0
1936	147.642	0
1944	147.516	0
1952	147.389	0
1960	147.263	0
1968	147.136	0
1976	147.009	0
1984	146.882	0
1992	146.754	0
2000	146.627	0
2008	146.5	0
2016	146.372	0
2024	146.244	0
2032	146.116	0
2040	145.988	0
2048	145.86	0
2056	145.731	0
2064	145.603	0
2072	145.474	0
2080	145.345	0
2088	145.216	0
2096	145.087	0
2104	144.958	0
2112	144.828	0
2120	144.699	0
2128	144.569	0
2136	144.439	0
2144	144.309	0
2152	144.179	0
2160	144.048	0
2168	143.918	0
2176	143.787	0
2184	143.656	0
2192	143.525	0
2200	143.394	0
2208	143.263	0
2216	143.131	0
2224	143	0
2232	142.868	0
2240	142.736	0
2248	142.604	0
2256	142.472	0
2264	142.339	0
2272	142.207	0
2280	142.074	0
2288	141.941	0
2296	141.808	0
2304	141.675	0
2312	141.541	0
2320	141.408	0
2328	141.274	0
2336	141.14	0
2344	141.006	0
2352	140.872	0
2360	140.738	0
2368	140.603	0
2376	140.468	0
2384	140.334	0
2392	140.199	0
2400	140.063	0
2408	139.928	0
2416	139.792	0
2424	139.657	0
2432	139.521	0
2440	139.385	0
2448	139.249	0
2456	139.112	0
2464	138.976	0
2472	138.839	0
2480	138.702	0
2488	138.565	0
2496	138.428	0
2504	138.29	0
2512	138.153	0
2520	138.015	0
2528	137.877	0
2536	137.739	0
2544	137.601	0
2552	137.462	0
2560	137.324	0
2568	137.185	0
2576	137.046	0
2584	136.907	0
2592	136.767	0
2600	136.628	0
2608	136.488	0
2616	136.348	0
2624	136.208	0
2632	136.068	0
2640	135.928	0
2648	135.787	0
2656	135.646	0
2664	135.505	0
2672	135.364	0.030035
2680	135.223	0.0302537
2688	135.081	0.0304727
2696	134.94	0.0306918
2704	134.798	0.0309112
2712	134.656	0.0311309
2720	134.514	0.0313507
2728	134.371	0.0315707
2736	134.229	0.031791
2744	134.086	0.0320115
2752	133.943	0.0322321
2760	133.8	0.032453
2768	133.656	0.032674
2776	133.513	0.0328952
2784	133.369	0.0331166
2792	133.225	0.0333381
2800	133.081	0.0335598
2808	132.937	0.0337816
2816	132.792	0.0340036
2824	132.648	0.0342258
2832	132.503	0.034448
2840	132.358	0.0346705
2848	132.212	0.034893
2856	132.067	0.0351156
2864	131.921	0.0353384
2872	131.775	0.0355613
2880	131.629	0.0357842
2888	131.483	0.0360073
2896	131.337	0.0362304
2904	131.19	0.0364537
2912	131.043	0.036677
2920	130.896	0.0369004
2928	130.749	0.0371238
2936	130.602	0.0373474
2944	130.454	0.0375709
2952	130.306	0.0377945
2960	130.158	0.0380182
2968	130.01	0.0382419
2976	129.862	0.0384656
2984	129.713	0.0386894
2992	129.565	0.0389132
3000	129.416	0.039137
3008	129.266	0.0393608
3016	129.117	0.0395846
3024	128.967	0.0398084
3032	128.818	0.0400322
3040	128.668	0.040256
3048	128.517	0.0404797
3056	128.367	0.0407034
3064	128.216	0.0409271
3072	128.066	0.0411508
3080	127.915	0.0413744
3088	127.763	0.041598
3096	127.612	0.0418215
3104	127.46	0.042045
3112	127.309	0.0422684
3120	127.157	0.0424917
3128	127.004	0.0427149
3136	126.852	0.0429381
3144	126.699	0.0431611
3152	126.546	0.0433841
3160	126.393	0.043607
3168	126.24	0.0438297
3176	126.086	0.0440524
3184	125.933	0.0442749
3192	125.779	0.0444973
3200	125.625	0.0447196
3208	125.47	0.0449417
3216	125.316	0.0451637
3224	125.161	0.0453856
3232	125.006	0.0456072
3240	124.851	0.0458288
3248	124.696	0.0460502
3256	124.54	0.0462714
3264	124.384	0.0464924
3272	124.228	0.0467132
3280	124.072	0.0469339
3288	123.915	0.0471543
3296	123.759	0.0473746
3304	123.602	0.0475946
3312	123.445	0.0478145
3320	123.287	0.0480341
3328	123.13	0.0482535
3336	122.972	0.0484727
3344	122.814	0.0486916
3352	122.656	0.0489103
3360	122.497	0.0491288
3368	122.339	0.049347
3376	122.18	0.0495649
3384	122.021	0.0497826
3392	121.861	0.05
3400	121.702	0.0502171
3408	121.542	0.050434
3416	121.382	0.0506506
3424	121.222	0.0508668
3432	121.061	0.0510828
3440	120.901	0.0512985
3448	120.74	0.0515139
3456	120.579	0.0517289
3464	120.417	0.0519436
3472	120.256	0.052158
3480	120.094	0.0523721
3488	119.932	0.0525858
3496	119.77	0.0527992
3504	119.607	0.0530122
3512	119.444	0.0532249
3520	119.281	0.0534372
3528	119.118	0.0536492
3536	118.955	0.0538608
3544	118.791	0.0540719
3552	118.627	0.0542828
3560	118.463	0.0544932
3568	118.299	0.0547032
3576	118.134	0.0549128
3584	117.97	0.055122
3592	117.805	0.0553308
3600	117.639	0.0555392
3608	117.474	0.0557472
3616	117.308	0.0559547
3624	117.142	0.0561618
3632	116.976	0.0563684
3640	116.81	0.0565746
3648	116.643	0.0567803
3656	116.476	0.0569856
3664	116.309	0.0571904
3672	116.142	0.0573948
3680	115.974	0.0575986
3688	115.806	0.057802
3696	115.638	0.0580049
3704	115.47	0.0582073
3712	115.301	0.0584092
3720	115.132	0.0586106
3728	114.963	0.0588115
3736	114.794	0.0590118
3744	114.625	0.0592117
3752	114.455	0.059411
3760	114.285	0.0596097
3768	114.115	0.059808
3776	113.944	0.0600056
3784	113.773	0.0602028
3792	113.602	0.0603993
3800	113.431	0.0605953
3808	113.26	0.0607908
3816	113.088	0.0609856
3824	112.916	0.0611799
3832	112.744	0.0613736
3840	112.571	0.0615667
3848	112.399	0.0617592
3856	112.226	0.0619511
3864	112.053	0.0621423
3872	111.879	0.062333
3880	111.705	0.062523
3888	111.532	0.0627125
3896	111.357	0.0629012
3904	111.183	0.0630894
3912	111.008	0.0632769
3920	110.833	0.0634637
3928	110.658	0.0636499
3936	110.483	0.0638354
3944	110.307	0.0640203
3952	110.131	0.0642045
3960	109.955	0.064388
3968	109.778	0.0645708
3976	109.602	0.0647529
3984	109.425	0.0649343
3992	109.247	0.065115
4000	109.07	0.065295
4008	108.892	0.0654743
