# B map @ z = 790mm, garfield++ simulation CERN piecewise fit
# t	r	phi
0	181.945	0
8	181.491	0
16	181.037	0
24	180.583	0
32	180.129	0
40	179.675	0
48	179.22	0
56	178.766	0
64	178.312	0
72	177.858	0
80	177.404	0
88	176.95	0
96	176.496	0
104	176.042	0
112	175.587	0
120	175.133	0
128	174.679	0
136	174.225	0
144	173.691	0
152	173.591	0
160	173.491	0
168	173.392	0
176	173.292	0
184	173.191	0
192	173.091	0
200	172.991	0
208	172.891	0
216	172.791	0
224	172.691	0
232	172.59	0
240	172.49	0
248	172.389	0
256	172.289	0
264	172.188	0
272	172.088	0
280	171.987	0
288	171.887	0
296	171.786	0
304	171.685	0
312	171.584	0
320	171.484	0
328	171.383	0
336	171.282	0
344	171.181	0
352	171.08	0
360	170.978	0
368	170.877	0
376	170.776	0
384	170.675	0
392	170.573	0
400	170.472	0
408	170.371	0
416	170.269	0
424	170.168	0
432	170.066	0
440	169.964	0
448	169.863	0
456	169.761	0
464	169.659	0
472	169.557	0
480	169.455	0
488	169.353	0
496	169.251	0
504	169.149	0
512	169.047	0
520	168.945	0
528	168.843	0
536	168.74	0
544	168.638	0
552	168.535	0
560	168.433	0
568	168.33	0
576	168.228	0
584	168.125	0
592	168.022	0
600	167.919	0
608	167.817	0
616	167.714	0
624	167.611	0
632	167.508	0
640	167.404	0
648	167.301	0
656	167.198	0
664	167.095	0
672	166.991	0
680	166.888	0
688	166.784	0
696	166.681	0
704	166.577	0
712	166.473	0
720	166.37	0
728	166.266	0
736	166.162	0
744	166.058	0
752	165.954	0.0301389
760	165.85	0.0303788
768	165.746	0.0306181
776	165.642	0.0308568
784	165.537	0.031095
792	165.433	0.0313327
800	165.328	0.0315698
808	165.224	0.0318064
816	165.119	0.0320424
824	165.015	0.0322779
832	164.91	0.0325128
840	164.805	0.0327473
848	164.7	0.0329812
856	164.595	0.0332146
864	164.49	0.0334475
872	164.385	0.03368
880	164.28	0.0339119
888	164.175	0.0341433
896	164.07	0.0343742
904	163.964	0.0346047
912	163.859	0.0348347
920	163.754	0.0350642
928	163.648	0.0352933
936	163.542	0.0355218
944	163.437	0.03575
952	163.331	0.0359777
960	163.225	0.0362049
968	163.119	0.0364317
976	163.013	0.0366581
984	162.907	0.036884
992	162.801	0.0371096
1000	162.694	0.0373347
1008	162.588	0.0375593
1016	162.482	0.0377836
1024	162.375	0.0380075
1032	162.269	0.038231
1040	162.162	0.0384541
1048	162.055	0.0386768
1056	161.949	0.0388991
1064	161.842	0.039121
1072	161.735	0.0393426
1080	161.628	0.0395638
1088	161.521	0.0397846
1096	161.414	0.0400051
1104	161.306	0.0402252
1112	161.199	0.040445
1120	161.092	0.0406644
1128	160.984	0.0408835
1136	160.876	0.0411023
1144	160.769	0.0413207
1152	160.661	0.0415388
1160	160.553	0.0417566
1168	160.445	0.0419741
1176	160.337	0.0421913
1184	160.229	0.0424082
1192	160.121	0.0426248
1200	160.013	0.0428411
1208	159.904	0.0430571
1216	159.796	0.0432728
1224	159.688	0.0434883
1232	159.579	0.0437035
1240	159.47	0.0439184
1248	159.362	0.044133
1256	159.253	0.0443475
1264	159.144	0.0445616
1272	159.035	0.0447755
1280	158.926	0.0449892
1288	158.817	0.0452026
1296	158.707	0.0454158
1304	158.598	0.0456288
1312	158.488	0.0458416
1320	158.379	0.0460541
1328	158.269	0.0462665
1336	158.16	0.0464786
1344	158.05	0.0466906
1352	157.94	0.0469023
1360	157.83	0.0471139
1368	157.72	0.0473252
1376	157.61	0.0475364
1384	157.499	0.0477475
1392	157.389	0.0479583
1400	157.279	0.048169
1408	157.168	0.0483796
1416	157.058	0.0485899
1424	156.947	0.0488002
1432	156.836	0.0490103
1440	156.725	0.0492202
1448	156.614	0.0494301
1456	156.503	0.0496398
1464	156.392	0.0498493
1472	156.281	0.0500588
1480	156.169	0.0502681
1488	156.058	0.0504774
1496	155.946	0.0506865
1504	155.835	0.0508956
1512	155.723	0.0511045
1520	155.611	0.0513134
1528	155.499	0.0515222
1536	155.387	0.0517309
1544	155.275	0.0519395
1552	155.163	0.0521481
1560	155.05	0.0523566
1568	154.938	0.0525651
1576	154.825	0.0527735
1584	154.713	0.0529818
1592	154.6	0.0531902
1600	154.487	0.0533985
1608	154.374	0.0536067
1616	154.261	0.0538149
1624	154.148	0.0540232
1632	154.035	0.0542314
1640	153.922	0.0544396
1648	153.808	0.0546477
1656	153.695	0.0548559
1664	153.581	0.0550641
1672	153.467	0.0552723
1680	153.354	0.0554806
1688	153.24	0.0556888
1696	153.126	0.0558971
1704	153.012	0.0561054
1712	152.897	0.0563137
1720	152.783	0.0565221
1728	152.669	0.0567305
1736	152.554	0.056939
1744	152.439	0.0571475
1752	152.325	0.0573561
1760	152.21	0.0575648
1768	152.095	0.0577735
1776	151.98	0.0579824
1784	151.865	0.0581913
1792	151.749	0.0584003
1800	151.634	0.0586093
1808	151.518	0.0588185
1816	151.403	0.0590278
1824	151.287	0.0592372
1832	151.171	0.0594467
1840	151.055	0.0596563
1848	150.939	0.0598661
1856	150.823	0.0600759
1864	150.707	0.060286
1872	150.591	0.0604961
1880	150.474	0.0607064
1888	150.358	0.0609169
1896	150.241	0.0611275
1904	150.124	0.0613382
1912	150.007	0.0615491
1920	149.89	0.0617602
1928	149.773	0.0619715
1936	149.656	0.0621829
1944	149.538	0.0623946
1952	149.421	0.0626064
1960	149.303	0.0628184
1968	149.186	0.0630306
1976	149.068	0.0632431
1984	148.95	0.0634557
1992	148.832	0.0636686
2000	148.714	0.0638816
2008	148.596	0.0640949
2016	148.477	0.0643085
2024	148.359	0.0645222
2032	148.24	0.0647362
2040	148.121	0.0649505
2048	148.003	0.065165
2056	147.884	0.0653798
2064	147.765	0.0655948
2072	147.645	0.0658101
2080	147.526	0.0660257
2088	147.407	0.0662415
2096	147.287	0.0664576
2104	147.168	0.066674
2112	147.048	0.0668908
2120	146.928	0.0671078
2128	146.808	0.0673251
2136	146.688	0.0675427
2144	146.567	0.0677606
2152	146.447	0.0679789
2160	146.327	0.0681974
2168	146.206	0.0684163
2176	146.085	0.0686356
2184	145.964	0.0688551
2192	145.843	0.0690751
2200	145.722	0.0692953
2208	145.601	0.0695159
2216	145.48	0.0697369
2224	145.358	0.0699583
2232	145.237	0.07018
2240	145.115	0.0704021
2248	144.993	0.0706245
2256	144.871	0.0708474
2264	144.749	0.0710706
2272	144.627	0.0712943
2280	144.505	0.0715183
2288	144.382	0.0717427
2296	144.26	0.0719676
2304	144.137	0.0721929
2312	144.014	0.0724185
2320	143.891	0.0726447
2328	143.768	0.0728712
2336	143.645	0.0730982
2344	143.522	0.0733256
2352	143.398	0.0735535
2360	143.275	0.0737818
2368	143.151	0.0740106
2376	143.027	0.0742398
2384	142.903	0.0744695
2392	142.779	0.0746997
2400	142.655	0.0749303
2408	142.53	0.0751615
2416	142.406	0.0753931
2424	142.281	0.0756252
2432	142.156	0.0758578
2440	142.032	0.0760909
2448	141.907	0.0763246
2456	141.781	0.0765587
2464	141.656	0.0767934
2472	141.531	0.0770285
2480	141.405	0.0772642
2488	141.28	0.0775005
2496	141.154	0.0777373
2504	141.028	0.0779746
2512	140.902	0.0782124
2520	140.776	0.0784509
2528	140.649	0.0786899
2536	140.523	0.0789294
2544	140.396	0.0791695
2552	140.269	0.0794102
2560	140.143	0.0796515
2568	140.016	0.0798933
2576	139.888	0.0801358
2584	139.761	0.0803788
2592	139.634	0.0806224
2600	139.506	0.0808667
2608	139.378	0.0811115
2616	139.251	0.081357
2624	139.123	0.0816031
2632	138.995	0.0818498
2640	138.866	0.0820971
2648	138.738	0.0823451
2656	138.609	0.0825937
2664	138.481	0.082843
2672	138.352	0.0830929
2680	138.223	0.0833435
2688	138.094	0.0835947
2696	137.965	0.0838466
2704	137.835	0.0840992
2712	137.706	0.0843524
2720	137.576	0.0846064
2728	137.446	0.084861
2736	137.316	0.0851163
2744	137.186	0.0853723
2752	137.056	0.085629
2760	136.926	0.0858864
2768	136.795	0.0861446
2776	136.665	0.0864034
2784	136.534	0.086663
2792	136.403	0.0869233
2800	136.272	0.0871843
2808	136.141	0.0874461
2816	136.009	0.0877086
2824	135.878	0.0879718
2832	135.746	0.0882358
2840	135.614	0.0885006
2848	135.482	0.0887661
2856	135.35	0.0890324
2864	135.218	0.0892995
2872	135.086	0.0895674
2880	134.953	0.089836
2888	134.82	0.0901054
2896	134.688	0.0903757
2904	134.555	0.0906467
2912	134.421	0.0909185
2920	134.288	0.0911911
2928	134.155	0.0914646
2936	134.021	0.0917389
2944	133.887	0.0920139
2952	133.754	0.0922899
2960	133.62	0.0925666
2968	133.485	0.0928442
2976	133.351	0.0931227
2984	133.217	0.093402
2992	133.082	0.0936821
3000	132.947	0.0939631
3008	132.812	0.094245
3016	132.677	0.0945278
3024	132.542	0.0948114
3032	132.407	0.0950959
3040	132.271	0.0953813
3048	132.135	0.0956676
3056	131.999	0.0959548
3064	131.863	0.0962428
3072	131.727	0.0965318
3080	131.591	0.0968217
3088	131.454	0.0971126
3096	131.318	0.0974043
3104	131.181	0.097697
3112	131.044	0.0979906
3120	130.907	0.0982851
3128	130.77	0.0985806
3136	130.632	0.098877
3144	130.495	0.0991744
3152	130.357	0.0994727
3160	130.219	0.0997721
3168	130.081	0.100072
3176	129.943	0.100374
3184	129.805	0.100676
3192	129.666	0.100979
3200	129.527	0.101283
3208	129.389	0.101588
3216	129.25	0.101895
3224	129.11	0.102202
3232	128.971	0.10251
3240	128.832	0.102819
3248	128.692	0.103129
3256	128.552	0.103441
3264	128.412	0.103753
3272	128.272	0.104066
3280	128.132	0.104381
3288	127.991	0.104696
3296	127.851	0.105013
3304	127.71	0.10533
3312	127.569	0.105649
3320	127.428	0.105968
3328	127.287	0.106289
3336	127.145	0.106611
3344	127.003	0.106934
3352	126.862	0.107258
3360	126.72	0.107583
3368	126.578	0.107909
3376	126.435	0.108236
3384	126.293	0.108564
3392	126.15	0.108894
3400	126.008	0.109224
3408	125.865	0.109556
3416	125.722	0.109889
3424	125.578	0.110223
3432	125.435	0.110558
3440	125.291	0.110894
3448	125.148	0.111232
3456	125.004	0.11157
3464	124.859	0.11191
3472	124.715	0.112251
3480	124.571	0.112593
3488	124.426	0.112936
3496	124.281	0.11328
3504	124.136	0.113626
3512	123.991	0.113973
3520	123.846	0.114321
3528	123.7	0.11467
3536	123.555	0.11502
3544	123.409	0.115372
3552	123.263	0.115724
3560	123.117	0.116078
3568	122.97	0.116434
3576	122.824	0.11679
3584	122.677	0.117148
3592	122.53	0.117507
3600	122.383	0.117867
3608	122.236	0.118228
3616	122.089	0.118591
3624	121.941	0.118955
3632	121.793	0.11932
3640	121.645	0.119686
3648	121.497	0.120054
3656	121.349	0.120423
3664	121.201	0.120793
3672	121.052	0.121165
3680	120.903	0.121538
3688	120.754	0.121912
3696	120.605	0.122288
3704	120.456	0.122664
3712	120.306	0.123043
3720	120.156	0.123422
3728	120.007	0.123803
3736	119.857	0.124185
3744	119.706	0.124568
3752	119.556	0.124953
3760	119.405	0.125339
3768	119.255	0.125727
3776	119.104	0.126116
3784	118.952	0.126506
3792	118.801	0.126897
3800	118.65	0.12729
3808	118.498	0.127685
3816	118.346	0.12808
3824	118.194	0.128477
3832	118.042	0.128876
3840	117.889	0.129276
3848	117.737	0.129677
3856	117.584	0.13008
3864	117.431	0.130484
3872	117.278	0.130889
3880	117.124	0.131296
3888	116.971	0.131705
3896	116.817	0.132114
3904	116.663	0.132526
3912	116.509	0.132938
3920	116.355	0.133352
3928	116.2	0.133768
3936	116.046	0.134185
3944	115.891	0.134604
3952	115.736	0.135024
3960	115.581	0.135445
3968	115.425	0.135868
3976	115.27	0.136292
3984	115.114	0.136718
3992	114.958	0.137146
4000	114.802	0.137575
4008	114.645	0.138005
4016	114.489	0.138437
4024	114.332	0.138871
4032	114.175	0.139306
4040	114.018	0.139742
4048	113.861	0.14018
4056	113.703	0.14062
4064	113.546	0.141061
4072	113.388	0.141503
4080	113.23	0.141948
4088	113.071	0.142393
4096	112.913	0.142841
4104	112.754	0.14329
4112	112.595	0.14374
4120	112.436	0.144192
4128	112.277	0.144646
4136	112.118	0.145101
4144	111.958	0.145558
4152	111.798	0.146016
4160	111.638	0.146476
4168	111.478	0.146938
4176	111.317	0.147401
4184	111.157	0.147866
4192	110.996	0.148332
4200	110.835	0.1488
4208	110.674	0.14927
4216	110.512	0.149741
4224	110.351	0.150214
4232	110.189	0.150689
4240	110.027	0.151165
4248	109.865	0.151643
4256	109.702	0.152123
4264	109.54	0.152604
4272	109.377	0.153087
4280	109.214	0.153572
4288	109.051	0.154058
4296	108.887	0.154546
