# B map @ z = 810mm, garfield++ simulation CERN piecewise fit
# t	r	phi
0	181.952	0
8	181.497	0
16	181.042	0
24	180.587	0
32	180.133	0
40	179.678	0
48	179.223	0
56	178.768	0
64	178.313	0
72	177.858	0
80	177.403	0
88	176.948	0
96	176.493	0
104	176.038	0
112	175.583	0
120	175.129	0
128	174.674	0
136	174.219	0
144	173.749	0
152	173.647	0
160	173.545	0
168	173.444	0
176	173.342	0
184	173.24	0
192	173.139	0
200	173.037	0
208	172.935	0
216	172.833	0
224	172.731	0
232	172.629	0
240	172.527	0
248	172.425	0
256	172.323	0
264	172.221	0
272	172.119	0
280	172.017	0
288	171.915	0
296	171.813	0
304	171.711	0
312	171.609	0
320	171.506	0
328	171.404	0
336	171.302	0
344	171.199	0
352	171.097	0
360	170.995	0
368	170.892	0
376	170.79	0
384	170.687	0
392	170.585	0
400	170.482	0
408	170.379	0
416	170.277	0
424	170.174	0
432	170.071	0
440	169.968	0
448	169.866	0
456	169.763	0
464	169.66	0
472	169.557	0
480	169.454	0
488	169.351	0
496	169.248	0
504	169.144	0
512	169.041	0
520	168.938	0
528	168.835	0
536	168.732	0
544	168.628	0
552	168.525	0
560	168.421	0
568	168.318	0
576	168.214	0
584	168.111	0
592	168.007	0
600	167.903	0
608	167.8	0
616	167.696	0
624	167.592	0
632	167.488	0
640	167.384	0
648	167.28	0
656	167.176	0
664	167.072	0
672	166.968	0
680	166.864	0
688	166.76	0
696	166.656	0
704	166.551	0
712	166.447	0
720	166.343	0
728	166.238	0
736	166.134	0.0301624
744	166.029	0.0304081
752	165.924	0.0306531
760	165.82	0.0308975
768	165.715	0.0311412
776	165.61	0.0313844
784	165.505	0.0316269
792	165.4	0.0318689
800	165.295	0.0321102
808	165.19	0.032351
816	165.085	0.0325911
824	164.98	0.0328307
832	164.875	0.0330698
840	164.77	0.0333082
848	164.664	0.0335461
856	164.559	0.0337834
864	164.454	0.0340202
872	164.348	0.0342564
880	164.243	0.0344921
888	164.137	0.0347272
896	164.031	0.0349618
904	163.925	0.0351959
912	163.82	0.0354295
920	163.714	0.0356625
928	163.608	0.0358951
936	163.502	0.0361271
944	163.396	0.0363586
952	163.29	0.0365897
960	163.184	0.0368202
968	163.077	0.0370503
976	162.971	0.0372799
984	162.865	0.037509
992	162.758	0.0377376
1000	162.652	0.0379658
1008	162.545	0.0381935
1016	162.439	0.0384208
1024	162.332	0.0386476
1032	162.225	0.038874
1040	162.118	0.0391
1048	162.011	0.0393255
1056	161.904	0.0395506
1064	161.797	0.0397753
1072	161.69	0.0399996
1080	161.583	0.0402234
1088	161.476	0.0404469
1096	161.369	0.0406699
1104	161.261	0.0408926
1112	161.154	0.0411149
1120	161.046	0.0413368
1128	160.939	0.0415583
1136	160.831	0.0417794
1144	160.723	0.0420002
1152	160.615	0.0422207
1160	160.507	0.0424407
1168	160.4	0.0426605
1176	160.291	0.0428798
1184	160.183	0.0430989
1192	160.075	0.0433176
1200	159.967	0.043536
1208	159.859	0.043754
1216	159.75	0.0439718
1224	159.642	0.0441892
1232	159.533	0.0444063
1240	159.424	0.0446232
1248	159.316	0.0448397
1256	159.207	0.0450559
1264	159.098	0.0452719
1272	158.989	0.0454876
1280	158.88	0.045703
1288	158.771	0.0459181
1296	158.662	0.046133
1304	158.552	0.0463476
1312	158.443	0.0465619
1320	158.334	0.046776
1328	158.224	0.0469899
1336	158.115	0.0472035
1344	158.005	0.047417
1352	157.895	0.0476301
1360	157.785	0.0478431
1368	157.675	0.0480558
1376	157.565	0.0482684
1384	157.455	0.0484807
1392	157.345	0.0486928
1400	157.235	0.0489048
1408	157.124	0.0491165
1416	157.014	0.0493281
1424	156.904	0.0495395
1432	156.793	0.0497507
1440	156.682	0.0499618
1448	156.571	0.0501727
1456	156.461	0.0503834
1464	156.35	0.050594
1472	156.239	0.0508044
1480	156.127	0.0510147
1488	156.016	0.0512249
1496	155.905	0.051435
1504	155.794	0.0516449
1512	155.682	0.0518547
1520	155.57	0.0520644
1528	155.459	0.052274
1536	155.347	0.0524834
1544	155.235	0.0526928
1552	155.123	0.0529021
1560	155.011	0.0531113
1568	154.899	0.0533204
1576	154.787	0.0535295
1584	154.675	0.0537385
1592	154.562	0.0539474
1600	154.45	0.0541563
1608	154.337	0.0543651
1616	154.224	0.0545738
1624	154.112	0.0547826
1632	153.999	0.0549912
1640	153.886	0.0551999
1648	153.773	0.0554085
1656	153.66	0.0556171
1664	153.546	0.0558257
1672	153.433	0.0560343
1680	153.319	0.0562428
1688	153.206	0.0564514
1696	153.092	0.05666
1704	152.979	0.0568686
1712	152.865	0.0570772
1720	152.751	0.0572858
1728	152.637	0.0574945
1736	152.523	0.0577031
1744	152.408	0.0579119
1752	152.294	0.0581206
1760	152.179	0.0583295
1768	152.065	0.0585383
1776	151.95	0.0587473
1784	151.835	0.0589563
1792	151.721	0.0591653
1800	151.606	0.0593745
1808	151.491	0.0595837
1816	151.375	0.059793
1824	151.26	0.0600024
1832	151.145	0.0602119
1840	151.029	0.0604215
1848	150.914	0.0606312
1856	150.798	0.0608411
1864	150.682	0.061051
1872	150.566	0.0612611
1880	150.45	0.0614713
1888	150.334	0.0616816
1896	150.218	0.0618921
1904	150.102	0.0621027
1912	149.985	0.0623135
1920	149.869	0.0625244
1928	149.752	0.0627355
1936	149.635	0.0629467
1944	149.518	0.0631582
1952	149.401	0.0633698
1960	149.284	0.0635816
1968	149.167	0.0637935
1976	149.049	0.0640057
1984	148.932	0.0642181
1992	148.814	0.0644307
2000	148.697	0.0646434
2008	148.579	0.0648564
2016	148.461	0.0650697
2024	148.343	0.0652831
2032	148.225	0.0654968
2040	148.107	0.0657107
2048	147.988	0.0659249
2056	147.87	0.0661393
2064	147.751	0.066354
2072	147.633	0.0665689
2080	147.514	0.0667841
2088	147.395	0.0669995
2096	147.276	0.0672153
2104	147.157	0.0674313
2112	147.037	0.0676476
2120	146.918	0.0678642
2128	146.798	0.068081
2136	146.679	0.0682982
2144	146.559	0.0685157
2152	146.439	0.0687335
2160	146.319	0.0689517
2168	146.199	0.0691701
2176	146.079	0.0693889
2184	145.958	0.069608
2192	145.838	0.0698274
2200	145.717	0.0700472
2208	145.597	0.0702674
2216	145.476	0.0704879
2224	145.355	0.0707087
2232	145.234	0.07093
2240	145.112	0.0711516
2248	144.991	0.0713735
2256	144.87	0.0715959
2264	144.748	0.0718186
2272	144.626	0.0720418
2280	144.504	0.0722653
2288	144.382	0.0724893
2296	144.26	0.0727136
2304	144.138	0.0729384
2312	144.016	0.0731636
2320	143.893	0.0733892
2328	143.771	0.0736152
2336	143.648	0.0738417
2344	143.525	0.0740686
2352	143.402	0.074296
2360	143.279	0.0745238
2368	143.156	0.0747521
2376	143.032	0.0749808
2384	142.909	0.07521
2392	142.785	0.0754397
2400	142.661	0.0756699
2408	142.537	0.0759005
2416	142.413	0.0761316
2424	142.289	0.0763633
2432	142.165	0.0765954
2440	142.04	0.076828
2448	141.916	0.0770612
2456	141.791	0.0772949
2464	141.666	0.0775291
2472	141.541	0.0777638
2480	141.416	0.077999
2488	141.291	0.0782348
2496	141.166	0.0784711
2504	141.04	0.078708
2512	140.914	0.0789455
2520	140.789	0.0791835
2528	140.663	0.079422
2536	140.537	0.0796611
2544	140.41	0.0799009
2552	140.284	0.0801411
2560	140.157	0.080382
2568	140.031	0.0806235
2576	139.904	0.0808656
2584	139.777	0.0811082
2592	139.65	0.0813515
2600	139.523	0.0815954
2608	139.396	0.0818399
2616	139.268	0.082085
2624	139.14	0.0823308
2632	139.013	0.0825772
2640	138.885	0.0828242
2648	138.757	0.0830719
2656	138.629	0.0833203
2664	138.5	0.0835693
2672	138.372	0.0838189
2680	138.243	0.0840692
2688	138.114	0.0843202
2696	137.985	0.0845719
2704	137.856	0.0848243
2712	137.727	0.0850773
2720	137.598	0.0853311
2728	137.468	0.0855855
2736	137.339	0.0858406
2744	137.209	0.0860965
2752	137.079	0.0863531
2760	136.949	0.0866104
2768	136.819	0.0868684
2776	136.688	0.0871272
2784	136.558	0.0873866
2792	136.427	0.0876469
2800	136.296	0.0879079
2808	136.165	0.0881696
2816	136.034	0.0884321
2824	135.903	0.0886953
2832	135.771	0.0889594
2840	135.64	0.0892242
2848	135.508	0.0894898
2856	135.376	0.0897561
2864	135.244	0.0900233
2872	135.112	0.0902913
2880	134.98	0.09056
2888	134.847	0.0908296
2896	134.714	0.0911
2904	134.582	0.0913712
2912	134.449	0.0916432
2920	134.315	0.091916
2928	134.182	0.0921897
2936	134.049	0.0924642
2944	133.915	0.0927396
2952	133.781	0.0930158
2960	133.647	0.0932929
2968	133.513	0.0935708
2976	133.379	0.0938496
2984	133.245	0.0941293
2992	133.11	0.0944099
3000	132.975	0.0946913
3008	132.841	0.0949736
3016	132.706	0.0952568
3024	132.57	0.095541
3032	132.435	0.095826
3040	132.3	0.0961119
3048	132.164	0.0963988
3056	132.028	0.0966865
3064	131.892	0.0969752
3072	131.756	0.0972648
3080	131.62	0.0975554
3088	131.483	0.0978469
3096	131.346	0.0981393
3104	131.21	0.0984327
3112	131.073	0.0987271
3120	130.935	0.0990224
3128	130.798	0.0993187
3136	130.661	0.099616
3144	130.523	0.0999142
3152	130.385	0.100213
3160	130.247	0.100514
3168	130.109	0.100815
3176	129.971	0.101117
3184	129.832	0.10142
3192	129.694	0.101725
3200	129.555	0.10203
3208	129.416	0.102336
3216	129.277	0.102643
3224	129.137	0.102952
3232	128.998	0.103261
3240	128.858	0.103571
3248	128.718	0.103883
3256	128.578	0.104195
3264	128.438	0.104509
3272	128.298	0.104824
3280	128.157	0.105139
3288	128.016	0.105456
3296	127.876	0.105774
3304	127.734	0.106093
3312	127.593	0.106413
3320	127.452	0.106734
3328	127.31	0.107056
3336	127.168	0.10738
3344	127.027	0.107704
3352	126.884	0.10803
3360	126.742	0.108357
3368	126.6	0.108685
3376	126.457	0.109013
3384	126.314	0.109344
3392	126.171	0.109675
3400	126.028	0.110007
3408	125.885	0.110341
3416	125.741	0.110676
3424	125.598	0.111012
3432	125.454	0.111349
3440	125.31	0.111687
3448	125.165	0.112026
3456	125.021	0.112367
3464	124.876	0.112709
3472	124.731	0.113052
3480	124.586	0.113396
3488	124.441	0.113742
3496	124.296	0.114088
3504	124.15	0.114436
3512	124.005	0.114785
3520	123.859	0.115136
3528	123.713	0.115487
3536	123.567	0.11584
3544	123.42	0.116194
3552	123.273	0.116549
3560	123.127	0.116906
3568	122.98	0.117264
3576	122.832	0.117623
3584	122.685	0.117983
3592	122.537	0.118345
3600	122.39	0.118708
3608	122.242	0.119072
3616	122.094	0.119438
3624	121.945	0.119805
3632	121.797	0.120173
3640	121.648	0.120542
3648	121.499	0.120913
3656	121.35	0.121285
3664	121.201	0.121659
3672	121.051	0.122033
3680	120.902	0.12241
3688	120.752	0.122787
3696	120.602	0.123166
3704	120.452	0.123546
3712	120.301	0.123928
3720	120.151	0.12431
3728	120	0.124695
3736	119.849	0.12508
3744	119.698	0.125467
3752	119.546	0.125856
3760	119.395	0.126246
3768	119.243	0.126637
3776	119.091	0.127029
3784	118.939	0.127423
3792	118.786	0.127819
3800	118.634	0.128216
3808	118.481	0.128614
3816	118.328	0.129014
3824	118.175	0.129415
3832	118.022	0.129818
3840	117.868	0.130222
3848	117.714	0.130627
3856	117.56	0.131034
3864	117.406	0.131442
3872	117.252	0.131852
3880	117.097	0.132264
3888	116.942	0.132677
3896	116.787	0.133091
3904	116.632	0.133507
3912	116.477	0.133924
3920	116.321	0.134343
3928	116.166	0.134763
3936	116.01	0.135185
3944	115.853	0.135608
3952	115.697	0.136033
3960	115.54	0.13646
3968	115.384	0.136888
3976	115.227	0.137317
3984	115.069	0.137748
3992	114.912	0.138181
4000	114.754	0.138615
4008	114.597	0.13905
4016	114.439	0.139488
4024	114.28	0.139927
4032	114.122	0.140367
4040	113.963	0.140809
4048	113.804	0.141253
4056	113.645	0.141698
4064	113.486	0.142144
4072	113.326	0.142593
4080	113.167	0.143043
4088	113.007	0.143494
4096	112.847	0.143948
4104	112.686	0.144402
4112	112.526	0.144859
4120	112.365	0.145317
4128	112.204	0.145777
4136	112.043	0.146238
4144	111.882	0.146701
4152	111.72	0.147166
4160	111.558	0.147632
4168	111.396	0.1481
4176	111.234	0.14857
4184	111.071	0.149041
4192	110.909	0.149514
4200	110.746	0.149989
4208	110.583	0.150465
4216	110.419	0.150944
4224	110.256	0.151423
4232	110.092	0.151905
4240	109.928	0.152388
4248	109.764	0.152873
4256	109.599	0.15336
4264	109.435	0.153849
4272	109.27	0.154339
4280	109.105	0.154831
4288	108.939	0.155324
