# B map @ z = 845mm, garfield++ simulation CERN piecewise fit
# t	r	phi
0	181.939	0
8	181.488	0
16	181.036	0
24	180.584	0
32	180.132	0
40	179.68	0
48	179.229	0
56	178.777	0
64	178.325	0
72	177.873	0
80	177.421	0
88	176.969	0
96	176.518	0
104	176.066	0
112	175.614	0
120	175.162	0
128	174.71	0
136	174.259	0
144	173.697	0
152	173.596	0
160	173.495	0
168	173.395	0
176	173.294	0
184	173.193	0
192	173.092	0
200	172.99	0
208	172.889	0
216	172.788	0
224	172.687	0
232	172.586	0
240	172.485	0
248	172.383	0
256	172.282	0
264	172.181	0
272	172.079	0
280	171.978	0
288	171.876	0
296	171.775	0
304	171.673	0
312	171.572	0
320	171.47	0
328	171.368	0
336	171.267	0
344	171.165	0
352	171.063	0
360	170.961	0
368	170.859	0
376	170.758	0
384	170.656	0
392	170.554	0
400	170.452	0
408	170.349	0
416	170.247	0
424	170.145	0
432	170.043	0
440	169.941	0
448	169.838	0
456	169.736	0
464	169.634	0
472	169.531	0
480	169.429	0
488	169.326	0
496	169.224	0
504	169.121	0
512	169.018	0
520	168.916	0
528	168.813	0
536	168.71	0
544	168.607	0
552	168.504	0
560	168.401	0
568	168.298	0
576	168.195	0
584	168.092	0
592	167.989	0
600	167.885	0
608	167.782	0
616	167.679	0
624	167.575	0
632	167.472	0
640	167.368	0
648	167.265	0
656	167.161	0
664	167.058	0
672	166.954	0
680	166.85	0
688	166.746	0
696	166.642	0
704	166.538	0
712	166.434	0
720	166.33	0.0301395
728	166.226	0.0303799
736	166.122	0.0306198
744	166.018	0.0308591
752	165.914	0.0310978
760	165.809	0.0313361
768	165.705	0.0315738
776	165.6	0.0318109
784	165.496	0.0320476
792	165.391	0.0322837
800	165.287	0.0325192
808	165.182	0.0327543
816	165.077	0.0329889
824	164.972	0.033223
832	164.867	0.0334565
840	164.762	0.0336896
848	164.657	0.0339222
856	164.552	0.0341543
864	164.447	0.0343859
872	164.342	0.0346171
880	164.237	0.0348478
888	164.131	0.035078
896	164.026	0.0353078
904	163.92	0.0355371
912	163.815	0.035766
920	163.709	0.0359944
928	163.604	0.0362224
936	163.498	0.03645
944	163.392	0.0366771
952	163.286	0.0369038
960	163.18	0.0371301
968	163.074	0.037356
976	162.968	0.0375815
984	162.862	0.0378065
992	162.756	0.0380312
1000	162.649	0.0382555
1008	162.543	0.0384794
1016	162.437	0.0387029
1024	162.33	0.0389261
1032	162.224	0.0391488
1040	162.117	0.0393712
1048	162.01	0.0395932
1056	161.903	0.0398149
1064	161.797	0.0400362
1072	161.69	0.0402572
1080	161.583	0.0404779
1088	161.476	0.0406982
1096	161.368	0.0409181
1104	161.261	0.0411378
1112	161.154	0.0413571
1120	161.047	0.0415761
1128	160.939	0.0417948
1136	160.832	0.0420131
1144	160.724	0.0422312
1152	160.616	0.042449
1160	160.509	0.0426665
1168	160.401	0.0428837
1176	160.293	0.0431006
1184	160.185	0.0433173
1192	160.077	0.0435336
1200	159.969	0.0437497
1208	159.86	0.0439656
1216	159.752	0.0441812
1224	159.644	0.0443965
1232	159.535	0.0446116
1240	159.427	0.0448264
1248	159.318	0.045041
1256	159.209	0.0452554
1264	159.101	0.0454695
1272	158.992	0.0456835
1280	158.883	0.0458972
1288	158.774	0.0461107
1296	158.665	0.0463239
1304	158.555	0.046537
1312	158.446	0.0467499
1320	158.337	0.0469626
1328	158.227	0.0471751
1336	158.118	0.0473874
1344	158.008	0.0475996
1352	157.899	0.0478116
1360	157.789	0.0480234
1368	157.679	0.048235
1376	157.569	0.0484465
1384	157.459	0.0486579
1392	157.349	0.048869
1400	157.239	0.0490801
1408	157.128	0.049291
1416	157.018	0.0495018
1424	156.907	0.0497124
1432	156.797	0.049923
1440	156.686	0.0501334
1448	156.575	0.0503437
1456	156.465	0.0505539
1464	156.354	0.050764
1472	156.243	0.050974
1480	156.131	0.0511839
1488	156.02	0.0513937
1496	155.909	0.0516034
1504	155.798	0.0518131
1512	155.686	0.0520227
1520	155.575	0.0522322
1528	155.463	0.0524416
1536	155.351	0.052651
1544	155.239	0.0528604
1552	155.127	0.0530697
1560	155.015	0.0532789
1568	154.903	0.0534882
1576	154.791	0.0536974
1584	154.679	0.0539065
1592	154.566	0.0541157
1600	154.454	0.0543248
1608	154.341	0.0545339
1616	154.228	0.054743
1624	154.116	0.0549521
1632	154.003	0.0551612
1640	153.89	0.0553703
1648	153.777	0.0555794
1656	153.663	0.0557886
1664	153.55	0.0559978
1672	153.437	0.0562069
1680	153.323	0.0564162
1688	153.21	0.0566254
1696	153.096	0.0568347
1704	152.982	0.0570441
1712	152.868	0.0572535
1720	152.754	0.057463
1728	152.64	0.0576725
1736	152.526	0.0578821
1744	152.412	0.0580918
1752	152.297	0.0583015
1760	152.183	0.0585114
1768	152.068	0.0587213
1776	151.954	0.0589313
1784	151.839	0.0591414
1792	151.724	0.0593516
1800	151.609	0.059562
1808	151.494	0.0597724
1816	151.378	0.0599829
1824	151.263	0.0601936
1832	151.148	0.0604044
1840	151.032	0.0606154
1848	150.916	0.0608264
1856	150.801	0.0610377
1864	150.685	0.061249
1872	150.569	0.0614606
1880	150.453	0.0616722
1888	150.336	0.0618841
1896	150.22	0.0620961
1904	150.104	0.0623083
1912	149.987	0.0625206
1920	149.871	0.0627332
1928	149.754	0.0629459
1936	149.637	0.0631588
1944	149.52	0.063372
1952	149.403	0.0635853
1960	149.286	0.0637988
1968	149.168	0.0640126
1976	149.051	0.0642265
1984	148.934	0.0644407
1992	148.816	0.0646551
2000	148.698	0.0648698
2008	148.58	0.0650847
2016	148.462	0.0652998
2024	148.344	0.0655152
2032	148.226	0.0657308
2040	148.108	0.0659467
2048	147.989	0.0661629
2056	147.871	0.0663793
2064	147.752	0.066596
2072	147.633	0.066813
2080	147.514	0.0670302
2088	147.395	0.0672478
2096	147.276	0.0674656
2104	147.157	0.0676838
2112	147.037	0.0679022
2120	146.918	0.0681209
2128	146.798	0.06834
2136	146.679	0.0685594
2144	146.559	0.0687791
2152	146.439	0.0689991
2160	146.319	0.0692195
2168	146.198	0.0694402
2176	146.078	0.0696612
2184	145.958	0.0698826
2192	145.837	0.0701044
2200	145.716	0.0703265
2208	145.595	0.070549
2216	145.475	0.0707718
2224	145.353	0.070995
2232	145.232	0.0712186
2240	145.111	0.0714426
2248	144.989	0.0716669
2256	144.868	0.0718917
2264	144.746	0.0721168
2272	144.624	0.0723424
2280	144.502	0.0725683
2288	144.38	0.0727947
2296	144.258	0.0730215
2304	144.136	0.0732487
2312	144.013	0.0734764
2320	143.891	0.0737045
2328	143.768	0.073933
2336	143.645	0.0741619
2344	143.522	0.0743913
2352	143.399	0.0746212
2360	143.276	0.0748515
2368	143.153	0.0750823
2376	143.029	0.0753136
2384	142.905	0.0755453
2392	142.782	0.0757775
2400	142.658	0.0760102
2408	142.534	0.0762434
2416	142.41	0.076477
2424	142.285	0.0767112
2432	142.161	0.0769459
2440	142.036	0.077181
2448	141.912	0.0774167
2456	141.787	0.0776529
2464	141.662	0.0778897
2472	141.537	0.0781269
2480	141.412	0.0783647
2488	141.286	0.0786031
2496	141.161	0.078842
2504	141.035	0.0790814
2512	140.91	0.0793214
2520	140.784	0.0795619
2528	140.658	0.079803
2536	140.531	0.0800447
2544	140.405	0.0802869
2552	140.279	0.0805297
2560	140.152	0.0807731
2568	140.025	0.0810171
2576	139.899	0.0812617
2584	139.772	0.0815069
2592	139.644	0.0817527
2600	139.517	0.0819991
2608	139.39	0.0822461
2616	139.262	0.0824937
2624	139.135	0.082742
2632	139.007	0.0829908
2640	138.879	0.0832404
2648	138.751	0.0834905
2656	138.622	0.0837413
2664	138.494	0.0839927
2672	138.365	0.0842448
2680	138.237	0.0844976
2688	138.108	0.084751
2696	137.979	0.0850051
2704	137.85	0.0852599
2712	137.721	0.0855153
2720	137.591	0.0857714
2728	137.462	0.0860282
2736	137.332	0.0862857
2744	137.202	0.0865439
2752	137.072	0.0868028
2760	136.942	0.0870625
2768	136.812	0.0873228
2776	136.681	0.0875838
2784	136.551	0.0878456
2792	136.42	0.0881081
2800	136.289	0.0883713
2808	136.158	0.0886353
2816	136.027	0.0889
2824	135.895	0.0891655
2832	135.764	0.0894317
2840	135.632	0.0896987
2848	135.5	0.0899664
2856	135.369	0.0902349
2864	135.236	0.0905042
2872	135.104	0.0907742
2880	134.972	0.0910451
2888	134.839	0.0913167
2896	134.707	0.0915891
2904	134.574	0.0918624
2912	134.441	0.0921364
2920	134.308	0.0924112
2928	134.174	0.0926869
2936	134.041	0.0929633
2944	133.907	0.0932406
2952	133.773	0.0935187
2960	133.64	0.0937977
2968	133.505	0.0940775
2976	133.371	0.0943581
2984	133.237	0.0946396
2992	133.102	0.0949219
3000	132.968	0.0952051
3008	132.833	0.0954892
3016	132.698	0.0957741
3024	132.562	0.0960599
3032	132.427	0.0963466
3040	132.292	0.0966342
3048	132.156	0.0969226
3056	132.02	0.0972119
3064	131.884	0.0975022
3072	131.748	0.0977933
3080	131.612	0.0980854
3088	131.475	0.0983784
3096	131.339	0.0986722
3104	131.202	0.0989671
3112	131.065	0.0992628
3120	130.928	0.0995595
3128	130.79	0.0998571
3136	130.653	0.100156
3144	130.515	0.100455
3152	130.378	0.100756
3160	130.24	0.101057
3168	130.102	0.101359
3176	129.963	0.101663
3184	129.825	0.101967
3192	129.686	0.102272
3200	129.548	0.102579
3208	129.409	0.102886
3216	129.269	0.103194
3224	129.13	0.103503
3232	128.991	0.103814
3240	128.851	0.104125
3248	128.711	0.104437
3256	128.571	0.104751
3264	128.431	0.105065
3272	128.291	0.10538
3280	128.151	0.105697
3288	128.01	0.106014
3296	127.869	0.106333
3304	127.728	0.106652
3312	127.587	0.106973
3320	127.446	0.107294
3328	127.304	0.107617
3336	127.163	0.107941
3344	127.021	0.108266
3352	126.879	0.108592
3360	126.737	0.108919
3368	126.594	0.109247
3376	126.452	0.109576
3384	126.309	0.109906
3392	126.166	0.110238
3400	126.023	0.11057
3408	125.88	0.110904
3416	125.737	0.111238
3424	125.593	0.111574
3432	125.45	0.111911
3440	125.306	0.112249
3448	125.162	0.112589
3456	125.017	0.112929
3464	124.873	0.113271
3472	124.728	0.113613
3480	124.583	0.113957
3488	124.438	0.114302
3496	124.293	0.114648
3504	124.148	0.114996
3512	124.002	0.115344
3520	123.857	0.115694
3528	123.711	0.116045
3536	123.565	0.116397
3544	123.419	0.11675
3552	123.272	0.117105
3560	123.125	0.117461
3568	122.979	0.117818
3576	122.832	0.118176
3584	122.685	0.118535
3592	122.537	0.118896
3600	122.39	0.119258
3608	122.242	0.119621
3616	122.094	0.119985
3624	121.946	0.12035
3632	121.798	0.120717
3640	121.649	0.121085
3648	121.501	0.121455
3656	121.352	0.121825
3664	121.203	0.122197
3672	121.054	0.12257
3680	120.904	0.122945
3688	120.755	0.123321
3696	120.605	0.123698
3704	120.455	0.124076
3712	120.305	0.124456
3720	120.155	0.124837
3728	120.004	0.125219
3736	119.853	0.125602
3744	119.702	0.125987
3752	119.551	0.126374
3760	119.4	0.126761
3768	119.249	0.12715
3776	119.097	0.12754
3784	118.945	0.127932
3792	118.793	0.128325
3800	118.641	0.128719
3808	118.488	0.129115
3816	118.336	0.129512
3824	118.183	0.12991
3832	118.03	0.13031
3840	117.877	0.130711
3848	117.723	0.131114
3856	117.57	0.131518
3864	117.416	0.131923
3872	117.262	0.13233
3880	117.108	0.132738
3888	116.954	0.133148
3896	116.799	0.133559
3904	116.644	0.133971
3912	116.489	0.134385
3920	116.334	0.1348
3928	116.179	0.135217
3936	116.023	0.135635
3944	115.867	0.136055
3952	115.711	0.136476
3960	115.555	0.136899
3968	115.399	0.137323
3976	115.242	0.137748
3984	115.086	0.138175
3992	114.929	0.138603
4000	114.772	0.139033
4008	114.614	0.139465
4016	114.457	0.139898
4024	114.299	0.140332
4032	114.141	0.140768
4040	113.983	0.141205
4048	113.824	0.141644
4056	113.666	0.142085
4064	113.507	0.142527
4072	113.348	0.14297
4080	113.189	0.143415
4088	113.029	0.143862
4096	112.87	0.14431
4104	112.71	0.14476
4112	112.55	0.145211
4120	112.39	0.145663
4128	112.229	0.146118
4136	112.069	0.146574
4144	111.908	0.147031
4152	111.747	0.14749
4160	111.586	0.147951
4168	111.424	0.148413
4176	111.262	0.148877
4184	111.101	0.149342
4192	110.938	0.149809
4200	110.776	0.150278
4208	110.614	0.150748
4216	110.451	0.15122
4224	110.288	0.151694
4232	110.125	0.152169
4240	109.961	0.152646
4248	109.798	0.153124
4256	109.634	0.153604
4264	109.47	0.154086
4272	109.306	0.154569
4280	109.141	0.155054
4288	108.977	0.155541
