/*===========================================================
 ====== Garfield++: Chamber Parameters (in cm and V) ======= 
 Cathode Radius = 10.925   Anode Wires Radius = 18.2    Field Wires Radius = 17.4
 Cathode Voltage = -5325  Anode Voltage = 2050   Field Voltage = -227
 Date-Time: 20160704-185933
===========================================================*/

double td[] = {50.1551, 56.8711, 70.1146, 85.2412, 101.308, 118.069, 135.525, 153.71, 172.075, 240.203, 248.179, 278.48, 292.043, 302.453, 317.303, 334.202, 353.51, 378.364, 429.985, 450.726, 474.766, 480.295, 493.812, 509.551, 527.794, 551.405, 603.238, 623.219, 644.855, 650.594, 663.49, 678.783, 696.941, 723.022, 768.613, 797.446, 804.775, 814.034, 827.088, 842.8, 862.575, 929.323, 932.701, 960.8, 972.178, 986.322, 1003.83, 1033.28, 1073.33, 1139.28, 1143.78, 1168.91, 1213.04, 1252.17, 1253.58, 1266.28, 1282.37, 1307.22, 1351.29, 1394.27, 1403.77, 1420.09, 1447.57, 1488.73, 1545.11, 1557.6, 1595.9, 1626.44, 1653.58, 1663.12};

double rad[] = {18.125, 18.035, 17.945, 17.855, 17.765, 17.675, 17.585, 17.495, 17.405, 17.315, 17.225, 17.135, 17.045, 16.955, 16.865, 16.775, 16.685, 16.595, 16.505, 16.415, 16.325, 16.235, 16.145, 16.055, 15.965, 15.875, 15.785, 15.695, 15.605, 15.515, 15.425, 15.335, 15.245, 15.155, 15.065, 14.975, 14.885, 14.795, 14.705, 14.615, 14.525, 14.435, 14.345, 14.255, 14.075, 13.985, 13.895, 13.805, 13.715, 13.625, 13.265, 13.175, 13.085, 12.995, 12.815, 12.725, 12.635, 12.545, 12.455, 12.365, 12.095, 12.005, 11.915, 11.825, 11.735, 11.375, 11.285, 11.195, 11.105, 10.925};

double phi[] = {0.0121998, 0.0122058, 0.0122135, 0.012223, 0.012234, 0.0122466, 0.0122604, 0.0122752, 0.0122919, 0.0123537, 0.0123511, 0.0123448, 0.0367498, 0.0367551, 0.0367611, 0.0367677, 0.0367752, 0.0367824, 0.0368963, 0.0368905, 0.061292, 0.0612978, 0.0613042, 0.061311, 0.0613182, 0.0613256, 0.0614399, 0.061434, 0.0858357, 0.0858417, 0.0858485, 0.0858553, 0.0858633, 0.0858714, 0.0859828, 0.0859755, 0.110382, 0.110388, 0.110395, 0.110403, 0.110411, 0.110528, 0.110523, 0.134922, 0.134936, 0.134944, 0.134952, 0.134959, 0.135069, 0.135061, 0.159494, 0.159502, 0.159613, 0.159606, 0.184021, 0.184029, 0.184037, 0.184046, 0.184157, 0.184149, 0.208573, 0.208582, 0.20859, 0.208699, 0.233095, 0.233127, 0.233135, 0.233242, 0.257641, 0.257655};

