#   VF48       VF48        FRC        FRC      SilName      Si      TTC chan  
#  module      input     number      port                 number   
#  number       0-2       1-26        0-3                  0-71       0-255,256-511    
#A0                                                               
          0          2    17               0   0si0         0         96
          0          0    15               0   0si6         6         64
          0          0    15               2   0si7         7         72
          0          1    16               0   0si8         8         80
          0          1    16               2   0si9         9         88
          0          2    17               1   3si0        36        100 
          0          0    15               1   3si6        42         68
          0          0    15               3   3si7        43         76
          0          1    16               1   3si8        44         84
          0          1    16               3   3si9        45         92
#AB                                                               
          1          2    20               2   1si0        10        232
          1          0    18               0   1si7        17        192
          1          0    18               2   1si8        18        200
          1          1    19               0   1si9        19        208
          1          1    19               2   1siA        20        216
          1          2    20               0   1siB        21        224
          1          2    20               3   4si0        46        236
          1          0    18               1   4si7        53        196
          1          0    18               3   4si8        54        204
          1          1    19               1   4si9        55        212
          1          1    19               3   4siA        56        220
          1          2    20               1   4siB        57        228
#AC                                                               
          2          0    22               0   2si8        30        320
          2          0    22               2   2si9        31        328
          2          1    23               0   2siA        32        336
          2          1    23               2   2siB        33        344
          2          2    24               0   2siC        34        352
          2          2    24               2   2siD        35        360
          2          0    22               1   5si8        66        324
          2          0    22               3   5si9        67        332
          2          1    23               1   5siA        68        340
          2          1    23               3   5siB        69        348
          2          2    24               1   5siC        70        356
          2          2    24               3   5siD        71        364
#AD                                                               
          3          0    25               0   2si0        22        368
          3          0    25               1   5si0        58        372
#AE                                                               
          4          0     1               0   0si1         1          0
          4          0     1               2   0si2         2          8
          4          1     2               0   0si3         3         16
          4          1     2               2   0si4         4         24
          4          2     6               0   0si5         5         32
          4          0     1               1   3si1        37          4
          4          0     1               3   3si2        38         12
          4          1     2               1   3si3        39         20
          4          1     2               3   3si4        40         28
          4          2     6               1   3si5        41         36
#AF                                                               
          5          0     7               0   1si1        11        128
          5          0     7               2   1si2        12        136
          5          1     9               0   1si3        13        144
          5          1     9               2   1si4        14        152
          5          2    10               0   1si5        15        160
          5          2    10               2   1si6        16        168
          5          0     7               1   4si1        47        132
          5          0     7               3   4si2        48        140
          5          1     9               1   4si3        49        148
          5          1     9               3   4si4        50        156
          5          2    10               1   4si5        51        164
          5          2    10               3   4si6        52        172
#A1                                                               
          6          0    11               0   2si1        23        256
          6          0    11               2   2si2        24        264
          6          1    12               0   2si3        25        272
          6          1    12               2   2si4        26        280
          6          2    13               0   2si5        27        288
          6          2    13               2   2si6        28        296
          6          0    11               1   5si1        59        260
          6          0    11               3   5si2        60        268
          6          1    12               1   5si3        61        276
          6          1    12               3   5si4        62        284
          6          2    13               1   5si5        63        292
          6          2    13               3   5si6        64        300
#A2                                                               
          7          0    14               0   2si7        29        304
          7          0    14               1   5si7        65        308
