# B map @ z = 925mm, garfield++ simulation CERN piecewise fit
# t	r	phi
0	181.927	0
8	181.476	0
16	181.026	0
24	180.576	0
32	180.125	0
40	179.675	0
48	179.224	0
56	178.774	0
64	178.324	0
72	177.873	0
80	177.423	0
88	176.972	0
96	176.522	0
104	176.071	0
112	175.621	0
120	175.171	0
128	174.72	0
136	174.27	0
144	173.72	0
152	173.618	0
160	173.517	0
168	173.416	0
176	173.314	0
184	173.213	0
192	173.111	0
200	173.01	0
208	172.908	0
216	172.806	0
224	172.705	0
232	172.603	0
240	172.501	0
248	172.4	0
256	172.298	0
264	172.196	0
272	172.094	0
280	171.992	0
288	171.891	0
296	171.789	0
304	171.687	0
312	171.585	0
320	171.483	0
328	171.38	0
336	171.278	0
344	171.176	0
352	171.074	0
360	170.972	0
368	170.869	0
376	170.767	0
384	170.665	0
392	170.562	0
400	170.46	0
408	170.357	0
416	170.255	0
424	170.152	0
432	170.049	0
440	169.947	0
448	169.844	0
456	169.741	0
464	169.638	0
472	169.535	0
480	169.432	0
488	169.329	0
496	169.226	0
504	169.123	0
512	169.02	0
520	168.917	0
528	168.814	0
536	168.711	0
544	168.607	0
552	168.504	0
560	168.401	0
568	168.297	0
576	168.194	0
584	168.09	0
592	167.987	0
600	167.883	0
608	167.779	0
616	167.675	0
624	167.572	0
632	167.468	0
640	167.364	0
648	167.26	0
656	167.156	0
664	167.052	0
672	166.948	0
680	166.843	0
688	166.739	0
696	166.635	0
704	166.531	0
712	166.426	0
720	166.322	0
728	166.217	0.0302074
736	166.112	0.0304503
744	166.008	0.0306924
752	165.903	0.030934
760	165.798	0.0311749
768	165.694	0.0314152
776	165.589	0.0316548
784	165.484	0.0318938
792	165.379	0.0321323
800	165.274	0.0323701
808	165.169	0.0326073
816	165.063	0.0328439
824	164.958	0.0330799
832	164.853	0.0333153
840	164.747	0.0335502
848	164.642	0.0337845
856	164.536	0.0340182
864	164.431	0.0342513
872	164.325	0.0344839
880	164.22	0.0347159
888	164.114	0.0349474
896	164.008	0.0351783
904	163.902	0.0354087
912	163.796	0.0356386
920	163.69	0.0358679
928	163.584	0.0360967
936	163.478	0.036325
944	163.372	0.0365528
952	163.265	0.0367801
960	163.159	0.0370068
968	163.052	0.0372331
976	162.946	0.0374589
984	162.839	0.0376842
992	162.733	0.037909
1000	162.626	0.0381334
1008	162.519	0.0383573
1016	162.412	0.0385807
1024	162.306	0.0388037
1032	162.199	0.0390262
1040	162.091	0.0392482
1048	161.984	0.0394698
1056	161.877	0.039691
1064	161.77	0.0399118
1072	161.662	0.0401321
1080	161.555	0.040352
1088	161.448	0.0405715
1096	161.34	0.0407906
1104	161.232	0.0410093
1112	161.125	0.0412275
1120	161.017	0.0414454
1128	160.909	0.0416629
1136	160.801	0.04188
1144	160.693	0.0420968
1152	160.585	0.0423131
1160	160.477	0.0425291
1168	160.368	0.0427448
1176	160.26	0.0429601
1184	160.151	0.043175
1192	160.043	0.0433896
1200	159.934	0.0436038
1208	159.826	0.0438177
1216	159.717	0.0440313
1224	159.608	0.0442446
1232	159.499	0.0444575
1240	159.39	0.0446701
1248	159.281	0.0448824
1256	159.172	0.0450945
1264	159.063	0.0453062
1272	158.953	0.0455176
1280	158.844	0.0457287
1288	158.735	0.0459396
1296	158.625	0.0461502
1304	158.515	0.0463605
1312	158.406	0.0465706
1320	158.296	0.0467803
1328	158.186	0.0469899
1336	158.076	0.0471992
1344	157.966	0.0474082
1352	157.856	0.047617
1360	157.745	0.0478256
1368	157.635	0.0480339
1376	157.525	0.0482421
1384	157.414	0.04845
1392	157.304	0.0486577
1400	157.193	0.0488652
1408	157.082	0.0490725
1416	156.971	0.0492796
1424	156.86	0.0494865
1432	156.749	0.0496932
1440	156.638	0.0498997
1448	156.527	0.0501061
1456	156.415	0.0503123
1464	156.304	0.0505183
1472	156.193	0.0507242
1480	156.081	0.0509299
1488	155.969	0.0511355
1496	155.857	0.051341
1504	155.746	0.0515463
1512	155.634	0.0517515
1520	155.522	0.0519565
1528	155.409	0.0521614
1536	155.297	0.0523662
1544	155.185	0.052571
1552	155.072	0.0527756
1560	154.96	0.0529801
1568	154.847	0.0531845
1576	154.734	0.0533888
1584	154.622	0.053593
1592	154.509	0.0537972
1600	154.396	0.0540013
1608	154.282	0.0542053
1616	154.169	0.0544093
1624	154.056	0.0546132
1632	153.943	0.054817
1640	153.829	0.0550209
1648	153.715	0.0552246
1656	153.602	0.0554284
1664	153.488	0.0556321
1672	153.374	0.0558358
1680	153.26	0.0560394
1688	153.146	0.0562431
1696	153.031	0.0564467
1704	152.917	0.0566504
1712	152.803	0.056854
1720	152.688	0.0570577
1728	152.574	0.0572614
1736	152.459	0.0574651
1744	152.344	0.0576688
1752	152.229	0.0578725
1760	152.114	0.0580763
1768	151.999	0.0582802
1776	151.883	0.058484
1784	151.768	0.058688
1792	151.653	0.0588919
1800	151.537	0.059096
1808	151.421	0.0593001
1816	151.305	0.0595043
1824	151.19	0.0597085
1832	151.073	0.0599129
1840	150.957	0.0601173
1848	150.841	0.0603219
1856	150.725	0.0605265
1864	150.608	0.0607312
1872	150.492	0.0609361
1880	150.375	0.061141
1888	150.258	0.0613461
1896	150.141	0.0615513
1904	150.024	0.0617567
1912	149.907	0.0619622
1920	149.79	0.0621678
1928	149.672	0.0623736
1936	149.555	0.0625795
1944	149.437	0.0627856
1952	149.32	0.0629918
1960	149.202	0.0631982
1968	149.084	0.0634048
1976	148.966	0.0636116
1984	148.848	0.0638186
1992	148.729	0.0640257
2000	148.611	0.0642331
2008	148.493	0.0644406
2016	148.374	0.0646484
2024	148.255	0.0648564
2032	148.136	0.0650645
2040	148.017	0.065273
2048	147.898	0.0654816
2056	147.779	0.0656905
2064	147.66	0.0658996
2072	147.54	0.066109
2080	147.421	0.0663186
2088	147.301	0.0665284
2096	147.181	0.0667386
2104	147.061	0.066949
2112	146.941	0.0671596
2120	146.821	0.0673706
2128	146.7	0.0675818
2136	146.58	0.0677933
2144	146.46	0.0680051
2152	146.339	0.0682172
2160	146.218	0.0684296
2168	146.097	0.0686423
2176	145.976	0.0688554
2184	145.855	0.0690687
2192	145.734	0.0692824
2200	145.612	0.0694964
2208	145.491	0.0697107
2216	145.369	0.0699254
2224	145.247	0.0701405
2232	145.125	0.0703559
2240	145.003	0.0705716
2248	144.881	0.0707877
2256	144.759	0.0710042
2264	144.636	0.071221
2272	144.513	0.0714382
2280	144.391	0.0716559
2288	144.268	0.0718739
2296	144.145	0.0720923
2304	144.022	0.072311
2312	143.899	0.0725302
2320	143.775	0.0727499
2328	143.652	0.0729699
2336	143.528	0.0731903
2344	143.404	0.0734112
2352	143.281	0.0736325
2360	143.156	0.0738543
2368	143.032	0.0740765
2376	142.908	0.0742991
2384	142.784	0.0745222
2392	142.659	0.0747458
2400	142.534	0.0749698
2408	142.41	0.0751943
2416	142.285	0.0754192
2424	142.159	0.0756447
2432	142.034	0.0758706
2440	141.909	0.076097
2448	141.783	0.076324
2456	141.658	0.0765514
2464	141.532	0.0767793
2472	141.406	0.0770078
2480	141.28	0.0772367
2488	141.154	0.0774662
2496	141.027	0.0776962
2504	140.901	0.0779268
2512	140.774	0.0781579
2520	140.647	0.0783895
2528	140.521	0.0786217
2536	140.394	0.0788544
2544	140.266	0.0790877
2552	140.139	0.0793216
2560	140.012	0.0795561
2568	139.884	0.0797911
2576	139.756	0.0800267
2584	139.628	0.0802629
2592	139.5	0.0804997
2600	139.372	0.080737
2608	139.244	0.080975
2616	139.115	0.0812136
2624	138.987	0.0814528
2632	138.858	0.0816927
2640	138.729	0.0819331
2648	138.6	0.0821742
2656	138.471	0.0824159
2664	138.341	0.0826583
2672	138.212	0.0829013
2680	138.082	0.083145
2688	137.952	0.0833893
2696	137.822	0.0836343
2704	137.692	0.08388
2712	137.562	0.0841263
2720	137.432	0.0843733
2728	137.301	0.084621
2736	137.17	0.0848694
2744	137.04	0.0851185
2752	136.909	0.0853683
2760	136.777	0.0856188
2768	136.646	0.08587
2776	136.515	0.0861219
2784	136.383	0.0863745
2792	136.251	0.0866279
2800	136.119	0.086882
2808	135.987	0.0871368
2816	135.855	0.0873924
2824	135.723	0.0876487
2832	135.59	0.0879058
2840	135.457	0.0881637
2848	135.325	0.0884223
2856	135.192	0.0886817
2864	135.058	0.0889418
2872	134.925	0.0892028
2880	134.792	0.0894645
2888	134.658	0.089727
2896	134.524	0.0899903
2904	134.39	0.0902545
2912	134.256	0.0905194
2920	134.122	0.0907851
2928	133.987	0.0910517
2936	133.853	0.0913191
2944	133.718	0.0915873
2952	133.583	0.0918563
2960	133.448	0.0921262
2968	133.313	0.092397
2976	133.178	0.0926686
2984	133.042	0.092941
2992	132.906	0.0932143
3000	132.77	0.0934885
3008	132.634	0.0937635
3016	132.498	0.0940394
3024	132.362	0.0943162
3032	132.225	0.0945939
3040	132.089	0.0948725
3048	131.952	0.095152
3056	131.815	0.0954324
3064	131.678	0.0957137
3072	131.54	0.0959959
3080	131.403	0.0962791
3088	131.265	0.0965631
3096	131.127	0.0968481
3104	130.989	0.0971341
3112	130.851	0.0974209
3120	130.713	0.0977088
3128	130.574	0.0979975
3136	130.435	0.0982873
3144	130.296	0.098578
3152	130.157	0.0988696
3160	130.018	0.0991623
3168	129.879	0.0994559
3176	129.739	0.0997505
3184	129.6	0.100046
3192	129.46	0.100343
3200	129.32	0.10064
3208	129.179	0.100939
3216	129.039	0.101239
3224	128.898	0.101539
3232	128.758	0.101841
3240	128.617	0.102143
3248	128.476	0.102447
3256	128.334	0.102752
3264	128.193	0.103058
3272	128.051	0.103365
3280	127.909	0.103672
3288	127.767	0.103981
3296	127.625	0.104291
3304	127.483	0.104603
3312	127.34	0.104915
3320	127.198	0.105228
3328	127.055	0.105542
3336	126.912	0.105858
3344	126.769	0.106174
3352	126.625	0.106492
3360	126.482	0.106811
3368	126.338	0.107131
3376	126.194	0.107452
3384	126.05	0.107774
3392	125.906	0.108097
3400	125.761	0.108421
3408	125.616	0.108747
3416	125.472	0.109073
3424	125.326	0.109401
3432	125.181	0.10973
3440	125.036	0.11006
3448	124.89	0.110392
3456	124.745	0.110724
3464	124.599	0.111058
3472	124.452	0.111393
3480	124.306	0.111729
3488	124.16	0.112066
3496	124.013	0.112404
3504	123.866	0.112744
3512	123.719	0.113085
3520	123.572	0.113427
3528	123.424	0.11377
3536	123.277	0.114115
3544	123.129	0.11446
3552	122.981	0.114807
3560	122.833	0.115155
3568	122.684	0.115505
3576	122.536	0.115856
3584	122.387	0.116208
3592	122.238	0.116561
3600	122.089	0.116915
3608	121.94	0.117271
3616	121.79	0.117628
3624	121.64	0.117986
3632	121.49	0.118346
3640	121.34	0.118707
3648	121.19	0.119069
3656	121.04	0.119433
3664	120.889	0.119798
3672	120.738	0.120164
3680	120.587	0.120531
3688	120.436	0.1209
3696	120.284	0.12127
3704	120.133	0.121642
3712	119.981	0.122015
3720	119.829	0.122389
3728	119.677	0.122764
3736	119.524	0.123141
3744	119.371	0.123519
3752	119.219	0.123899
3760	119.066	0.12428
3768	118.912	0.124663
3776	118.759	0.125046
3784	118.605	0.125432
3792	118.452	0.125818
3800	118.298	0.126206
3808	118.143	0.126595
3816	117.989	0.126986
3824	117.834	0.127379
3832	117.679	0.127772
3840	117.524	0.128167
3848	117.369	0.128564
3856	117.214	0.128962
3864	117.058	0.129361
3872	116.902	0.129762
3880	116.746	0.130164
3888	116.59	0.130568
3896	116.434	0.130973
3904	116.277	0.13138
3912	116.12	0.131788
3920	115.963	0.132198
3928	115.806	0.132609
3936	115.648	0.133022
3944	115.491	0.133436
3952	115.333	0.133852
3960	115.175	0.134269
3968	115.016	0.134687
3976	114.858	0.135108
3984	114.699	0.135529
3992	114.54	0.135953
4000	114.381	0.136378
4008	114.222	0.136804
4016	114.062	0.137232
4024	113.902	0.137661
4032	113.742	0.138092
4040	113.582	0.138525
4048	113.422	0.138959
4056	113.261	0.139395
4064	113.1	0.139832
4072	112.939	0.140271
4080	112.778	0.140711
4088	112.617	0.141154
4096	112.455	0.141597
4104	112.293	0.142043
4112	112.131	0.142489
4120	111.969	0.142938
4128	111.806	0.143388
4136	111.643	0.14384
4144	111.48	0.144293
4152	111.317	0.144748
4160	111.154	0.145205
4168	110.99	0.145663
4176	110.826	0.146123
4184	110.662	0.146585
4192	110.498	0.147048
4200	110.334	0.147513
4208	110.169	0.14798
4216	110.004	0.148448
4224	109.839	0.148919
4232	109.674	0.14939
4240	109.508	0.149864
4248	109.342	0.150339
4256	109.176	0.150816
4264	109.01	0.151294
4272	108.844	0.151775
