# B map @ z = 795mm, garfield++ simulation CERN piecewise fit
# t	r	phi
0	181.958	0
8	181.502	0
16	181.046	0
24	180.59	0
32	180.134	0
40	179.678	0
48	179.222	0
56	178.766	0
64	178.31	0
72	177.854	0
80	177.398	0
88	176.942	0
96	176.486	0
104	176.03	0
112	175.574	0
120	175.118	0
128	174.662	0
136	174.206	0
144	173.711	0
152	173.611	0
160	173.511	0
168	173.41	0
176	173.31	0
184	173.209	0
192	173.109	0
200	173.008	0
208	172.908	0
216	172.807	0
224	172.706	0
232	172.606	0
240	172.505	0
248	172.404	0
256	172.303	0
264	172.202	0
272	172.101	0
280	172	0
288	171.899	0
296	171.798	0
304	171.697	0
312	171.596	0
320	171.495	0
328	171.394	0
336	171.292	0
344	171.191	0
352	171.089	0
360	170.988	0
368	170.886	0
376	170.785	0
384	170.683	0
392	170.582	0
400	170.48	0
408	170.378	0
416	170.276	0
424	170.175	0
432	170.073	0
440	169.971	0
448	169.869	0
456	169.767	0
464	169.664	0
472	169.562	0
480	169.46	0
488	169.358	0
496	169.255	0
504	169.153	0
512	169.051	0
520	168.948	0
528	168.846	0
536	168.743	0
544	168.64	0
552	168.538	0
560	168.435	0
568	168.332	0
576	168.229	0
584	168.126	0
592	168.023	0
600	167.92	0
608	167.817	0
616	167.714	0
624	167.61	0
632	167.507	0
640	167.404	0
648	167.3	0
656	167.197	0
664	167.093	0
672	166.99	0
680	166.886	0
688	166.782	0
696	166.679	0
704	166.575	0
712	166.471	0
720	166.367	0
728	166.263	0
736	166.159	0
744	166.055	0.0301101
752	165.95	0.0303538
760	165.846	0.0305969
768	165.742	0.0308394
776	165.637	0.0310813
784	165.533	0.0313226
792	165.428	0.0315633
800	165.324	0.0318034
808	165.219	0.0320429
816	165.114	0.0322818
824	165.009	0.0325201
832	164.904	0.0327579
840	164.799	0.0329951
848	164.694	0.0332318
856	164.589	0.0334679
864	164.484	0.0337035
872	164.379	0.0339385
880	164.274	0.0341729
888	164.168	0.0344069
896	164.063	0.0346403
904	163.957	0.0348732
912	163.852	0.0351056
920	163.746	0.0353374
928	163.64	0.0355688
936	163.535	0.0357996
944	163.429	0.03603
952	163.323	0.0362599
960	163.217	0.0364893
968	163.111	0.0367182
976	163.005	0.0369466
984	162.898	0.0371746
992	162.792	0.0374021
1000	162.686	0.0376291
1008	162.579	0.0378557
1016	162.473	0.0380818
1024	162.366	0.0383075
1032	162.259	0.0385328
1040	162.153	0.0387577
1048	162.046	0.0389821
1056	161.939	0.0392061
1064	161.832	0.0394296
1072	161.725	0.0396528
1080	161.618	0.0398756
1088	161.511	0.0400979
1096	161.403	0.0403199
1104	161.296	0.0405415
1112	161.189	0.0407627
1120	161.081	0.0409835
1128	160.973	0.0412039
1136	160.866	0.041424
1144	160.758	0.0416437
1152	160.65	0.0418631
1160	160.542	0.0420821
1168	160.434	0.0423008
1176	160.326	0.0425191
1184	160.218	0.0427371
1192	160.11	0.0429548
1200	160.001	0.0431721
1208	159.893	0.0433891
1216	159.785	0.0436058
1224	159.676	0.0438222
1232	159.567	0.0440383
1240	159.459	0.0442541
1248	159.35	0.0444696
1256	159.241	0.0446848
1264	159.132	0.0448998
1272	159.023	0.0451144
1280	158.914	0.0453288
1288	158.804	0.045543
1296	158.695	0.0457568
1304	158.586	0.0459704
1312	158.476	0.0461838
1320	158.367	0.0463969
1328	158.257	0.0466098
1336	158.147	0.0468224
1344	158.037	0.0470349
1352	157.927	0.047247
1360	157.817	0.047459
1368	157.707	0.0476708
1376	157.597	0.0478824
1384	157.487	0.0480937
1392	157.376	0.0483049
1400	157.266	0.0485159
1408	157.155	0.0487266
1416	157.045	0.0489372
1424	156.934	0.0491477
1432	156.823	0.0493579
1440	156.712	0.049568
1448	156.601	0.049778
1456	156.49	0.0499878
1464	156.379	0.0501974
1472	156.268	0.0504069
1480	156.156	0.0506163
1488	156.045	0.0508255
1496	155.933	0.0510346
1504	155.822	0.0512436
1512	155.71	0.0514525
1520	155.598	0.0516612
1528	155.486	0.0518699
1536	155.374	0.0520784
1544	155.262	0.0522869
1552	155.15	0.0524953
1560	155.037	0.0527035
1568	154.925	0.0529118
1576	154.812	0.0531199
1584	154.7	0.053328
1592	154.587	0.053536
1600	154.474	0.0537439
1608	154.361	0.0539518
1616	154.248	0.0541597
1624	154.135	0.0543675
1632	154.022	0.0545752
1640	153.909	0.054783
1648	153.795	0.0549907
1656	153.682	0.0551984
1664	153.568	0.0554061
1672	153.455	0.0556138
1680	153.341	0.0558215
1688	153.227	0.0560291
1696	153.113	0.0562368
1704	152.999	0.0564445
1712	152.885	0.0566522
1720	152.77	0.05686
1728	152.656	0.0570677
1736	152.541	0.0572755
1744	152.427	0.0574834
1752	152.312	0.0576913
1760	152.197	0.0578992
1768	152.082	0.0581072
1776	151.967	0.0583152
1784	151.852	0.0585234
1792	151.737	0.0587316
1800	151.622	0.0589398
1808	151.506	0.0591482
1816	151.391	0.0593566
1824	151.275	0.0595651
1832	151.159	0.0597738
1840	151.043	0.0599825
1848	150.927	0.0601913
1856	150.811	0.0604003
1864	150.695	0.0606094
1872	150.579	0.0608186
1880	150.462	0.0610279
1888	150.346	0.0612374
1896	150.229	0.061447
1904	150.112	0.0616567
1912	149.996	0.0618666
1920	149.879	0.0620767
1928	149.762	0.0622869
1936	149.644	0.0624973
1944	149.527	0.0627079
1952	149.41	0.0629186
1960	149.292	0.0631295
1968	149.175	0.0633406
1976	149.057	0.063552
1984	148.939	0.0637635
1992	148.821	0.0639752
2000	148.703	0.0641871
2008	148.585	0.0643992
2016	148.466	0.0646116
2024	148.348	0.0648242
2032	148.229	0.065037
2040	148.111	0.0652501
2048	147.992	0.0654634
2056	147.873	0.0656769
2064	147.754	0.0658907
2072	147.635	0.0661048
2080	147.516	0.0663191
2088	147.397	0.0665337
2096	147.277	0.0667486
2104	147.158	0.0669637
2112	147.038	0.0671792
2120	146.918	0.0673949
2128	146.798	0.0676109
2136	146.678	0.0678272
2144	146.558	0.0680439
2152	146.438	0.0682608
2160	146.317	0.0684781
2168	146.197	0.0686956
2176	146.076	0.0689136
2184	145.955	0.0691318
2192	145.834	0.0693504
2200	145.713	0.0695693
2208	145.592	0.0697886
2216	145.471	0.0700082
2224	145.35	0.0702282
2232	145.228	0.0704486
2240	145.107	0.0706693
2248	144.985	0.0708904
2256	144.863	0.0711119
2264	144.741	0.0713337
2272	144.619	0.071556
2280	144.497	0.0717787
2288	144.374	0.0720017
2296	144.252	0.0722252
2304	144.129	0.0724491
2312	144.006	0.0726734
2320	143.884	0.0728981
2328	143.761	0.0731233
2336	143.638	0.0733489
2344	143.514	0.0735749
2352	143.391	0.0738014
2360	143.267	0.0740283
2368	143.144	0.0742557
2376	143.02	0.0744836
2384	142.896	0.0747119
2392	142.772	0.0749407
2400	142.648	0.07517
2408	142.524	0.0753997
2416	142.399	0.0756299
2424	142.275	0.0758607
2432	142.15	0.0760919
2440	142.025	0.0763236
2448	141.901	0.0765559
2456	141.776	0.0767887
2464	141.65	0.0770219
2472	141.525	0.0772558
2480	141.4	0.0774901
2488	141.274	0.077725
2496	141.148	0.0779604
2504	141.023	0.0781964
2512	140.897	0.0784329
2520	140.77	0.07867
2528	140.644	0.0789076
2536	140.518	0.0791458
2544	140.391	0.0793846
2552	140.265	0.0796239
2560	140.138	0.0798639
2568	140.011	0.0801044
2576	139.884	0.0803456
2584	139.757	0.0805873
2592	139.63	0.0808296
2600	139.502	0.0810726
2608	139.375	0.0813162
2616	139.247	0.0815604
2624	139.119	0.0818052
2632	138.991	0.0820506
2640	138.863	0.0822967
2648	138.735	0.0825434
2656	138.606	0.0827908
2664	138.478	0.0830389
2672	138.349	0.0832876
2680	138.22	0.0835369
2688	138.091	0.0837869
2696	137.962	0.0840377
2704	137.833	0.084289
2712	137.703	0.0845411
2720	137.574	0.0847939
2728	137.444	0.0850473
2736	137.314	0.0853015
2744	137.184	0.0855564
2752	137.054	0.085812
2760	136.924	0.0860683
2768	136.794	0.0863253
2776	136.663	0.0865831
2784	136.532	0.0868415
2792	136.402	0.0871008
2800	136.271	0.0873608
2808	136.139	0.0876215
2816	136.008	0.087883
2824	135.877	0.0881452
2832	135.745	0.0884082
2840	135.614	0.088672
2848	135.482	0.0889366
2856	135.35	0.0892019
2864	135.218	0.089468
2872	135.085	0.089735
2880	134.953	0.0900027
2888	134.82	0.0902712
2896	134.688	0.0905405
2904	134.555	0.0908107
2912	134.422	0.0910817
2920	134.289	0.0913535
2928	134.155	0.0916261
2936	134.022	0.0918995
2944	133.888	0.0921738
2952	133.754	0.092449
2960	133.62	0.092725
2968	133.486	0.0930019
2976	133.352	0.0932796
2984	133.218	0.0935582
2992	133.083	0.0938376
3000	132.949	0.094118
3008	132.814	0.0943992
3016	132.679	0.0946813
3024	132.544	0.0949643
3032	132.408	0.0952482
3040	132.273	0.0955331
3048	132.137	0.0958188
3056	132.001	0.0961054
3064	131.866	0.096393
3072	131.73	0.0966815
3080	131.593	0.0969709
3088	131.457	0.0972613
3096	131.32	0.0975526
3104	131.184	0.0978448
3112	131.047	0.098138
3120	130.91	0.0984322
3128	130.773	0.0987273
3136	130.635	0.0990234
3144	130.498	0.0993205
3152	130.36	0.0996186
3160	130.222	0.0999176
3168	130.085	0.100218
3176	129.946	0.100519
3184	129.808	0.100821
3192	129.67	0.101124
3200	129.531	0.101428
3208	129.392	0.101733
3216	129.253	0.102039
3224	129.114	0.102346
3232	128.975	0.102654
3240	128.836	0.102963
3248	128.696	0.103274
3256	128.556	0.103585
3264	128.417	0.103897
3272	128.277	0.104211
3280	128.136	0.104525
3288	127.996	0.104841
3296	127.855	0.105157
3304	127.715	0.105475
3312	127.574	0.105794
3320	127.433	0.106114
3328	127.292	0.106435
3336	127.15	0.106757
3344	127.009	0.10708
3352	126.867	0.107404
3360	126.725	0.10773
3368	126.583	0.108056
3376	126.441	0.108384
3384	126.299	0.108713
3392	126.156	0.109043
3400	126.013	0.109374
3408	125.871	0.109706
3416	125.728	0.110039
3424	125.584	0.110374
3432	125.441	0.11071
3440	125.297	0.111047
3448	125.154	0.111385
3456	125.01	0.111724
3464	124.866	0.112064
3472	124.722	0.112406
3480	124.577	0.112749
3488	124.433	0.113093
3496	124.288	0.113438
3504	124.143	0.113785
3512	123.998	0.114132
3520	123.853	0.114481
3528	123.707	0.114832
3536	123.562	0.115183
3544	123.416	0.115536
3552	123.27	0.11589
3560	123.124	0.116245
3568	122.977	0.116601
3576	122.831	0.116959
3584	122.684	0.117318
3592	122.538	0.117678
3600	122.391	0.118039
3608	122.243	0.118402
3616	122.096	0.118766
3624	121.948	0.119132
3632	121.801	0.119498
3640	121.653	0.119866
3648	121.505	0.120235
3656	121.357	0.120606
3664	121.208	0.120978
3672	121.06	0.121351
3680	120.911	0.121726
3688	120.762	0.122102
3696	120.613	0.122479
3704	120.463	0.122858
3712	120.314	0.123238
3720	120.164	0.123619
3728	120.014	0.124002
3736	119.864	0.124386
3744	119.714	0.124771
3752	119.564	0.125158
3760	119.413	0.125546
3768	119.262	0.125936
3776	119.111	0.126327
3784	118.96	0.126719
3792	118.809	0.127113
3800	118.658	0.127508
3808	118.506	0.127905
3816	118.354	0.128303
3824	118.202	0.128702
3832	118.05	0.129103
3840	117.897	0.129506
3848	117.745	0.129909
3856	117.592	0.130315
3864	117.439	0.130721
3872	117.286	0.13113
3880	117.132	0.131539
3888	116.979	0.13195
3896	116.825	0.132363
3904	116.671	0.132777
3912	116.517	0.133193
3920	116.363	0.13361
3928	116.208	0.134028
3936	116.054	0.134448
3944	115.899	0.13487
3952	115.744	0.135293
3960	115.589	0.135718
3968	115.433	0.136144
3976	115.278	0.136571
3984	115.122	0.137001
3992	114.966	0.137431
4000	114.81	0.137864
4008	114.653	0.138298
4016	114.497	0.138733
4024	114.34	0.13917
4032	114.183	0.139609
4040	114.026	0.140049
4048	113.868	0.14049
4056	113.711	0.140934
4064	113.553	0.141378
4072	113.395	0.141825
4080	113.237	0.142273
4088	113.079	0.142723
4096	112.92	0.143174
4104	112.762	0.143627
4112	112.603	0.144081
4120	112.444	0.144537
4128	112.284	0.144995
4136	112.125	0.145455
4144	111.965	0.145916
4152	111.805	0.146378
4160	111.645	0.146843
4168	111.485	0.147309
4176	111.324	0.147776
4184	111.164	0.148246
4192	111.003	0.148717
4200	110.842	0.14919
4208	110.68	0.149664
4216	110.519	0.15014
4224	110.357	0.150618
4232	110.195	0.151097
4240	110.033	0.151579
4248	109.871	0.152061
4256	109.708	0.152546
4264	109.546	0.153032
4272	109.383	0.15352
4280	109.22	0.15401
4288	109.057	0.154502
4296	108.893	0.154995
