# B map @ z = 945mm, garfield++ simulation CERN piecewise fit
# t	r	phi
0	181.942	0
8	181.488	0
16	181.034	0
24	180.581	0
32	180.127	0
40	179.674	0
48	179.22	0
56	178.766	0
64	178.313	0
72	177.859	0
80	177.405	0
88	176.952	0
96	176.498	0
104	176.045	0
112	175.591	0
120	175.137	0
128	174.684	0
136	174.23	0
144	173.628	0
152	173.529	0
160	173.431	0
168	173.332	0
176	173.234	0
184	173.135	0
192	173.036	0
200	172.937	0
208	172.838	0
216	172.739	0
224	172.64	0
232	172.541	0
240	172.442	0
248	172.343	0
256	172.243	0
264	172.144	0
272	172.045	0
280	171.945	0
288	171.846	0
296	171.746	0
304	171.646	0
312	171.547	0
320	171.447	0
328	171.347	0
336	171.247	0
344	171.147	0
352	171.047	0
360	170.947	0
368	170.846	0
376	170.746	0
384	170.646	0
392	170.545	0
400	170.445	0
408	170.344	0
416	170.244	0
424	170.143	0
432	170.042	0
440	169.941	0
448	169.84	0
456	169.739	0
464	169.638	0
472	169.537	0
480	169.436	0
488	169.335	0
496	169.233	0
504	169.132	0
512	169.03	0
520	168.929	0
528	168.827	0
536	168.725	0
544	168.624	0
552	168.522	0
560	168.42	0
568	168.318	0
576	168.216	0
584	168.114	0
592	168.011	0
600	167.909	0
608	167.807	0
616	167.704	0
624	167.602	0
632	167.499	0
640	167.396	0
648	167.294	0
656	167.191	0
664	167.088	0
672	166.985	0
680	166.882	0
688	166.779	0
696	166.675	0
704	166.572	0
712	166.469	0
720	166.365	0
728	166.262	0
736	166.158	0
744	166.054	0
752	165.95	0
760	165.847	0
768	165.743	0
776	165.639	0
784	165.534	0.0300523
792	165.43	0.0302833
800	165.326	0.0305139
808	165.222	0.0307439
816	165.117	0.0309734
824	165.013	0.0312025
832	164.908	0.031431
840	164.803	0.0316591
848	164.698	0.0318867
856	164.594	0.0321138
864	164.489	0.0323404
872	164.384	0.0325666
880	164.278	0.0327923
888	164.173	0.0330175
896	164.068	0.0332423
904	163.963	0.0334667
912	163.857	0.0336906
920	163.752	0.033914
928	163.646	0.0341371
936	163.54	0.0343597
944	163.434	0.0345818
952	163.329	0.0348036
960	163.223	0.0350249
968	163.116	0.0352459
976	163.01	0.0354664
984	162.904	0.0356865
992	162.798	0.0359062
1000	162.691	0.0361256
1008	162.585	0.0363445
1016	162.478	0.0365631
1024	162.371	0.0367813
1032	162.265	0.0369991
1040	162.158	0.0372165
1048	162.051	0.0374336
1056	161.944	0.0376503
1064	161.837	0.0378667
1072	161.729	0.0380827
1080	161.622	0.0382984
1088	161.515	0.0385137
1096	161.407	0.0387287
1104	161.3	0.0389434
1112	161.192	0.0391577
1120	161.084	0.0393717
1128	160.976	0.0395854
1136	160.868	0.0397988
1144	160.76	0.0400119
1152	160.652	0.0402246
1160	160.544	0.0404371
1168	160.435	0.0406493
1176	160.327	0.0408612
1184	160.218	0.0410728
1192	160.11	0.0412841
1200	160.001	0.0414952
1208	159.892	0.041706
1216	159.783	0.0419165
1224	159.674	0.0421267
1232	159.565	0.0423367
1240	159.456	0.0425465
1248	159.347	0.042756
1256	159.237	0.0429652
1264	159.128	0.0431742
1272	159.018	0.043383
1280	158.909	0.0435916
1288	158.799	0.0437999
1296	158.689	0.044008
1304	158.579	0.0442159
1312	158.469	0.0444236
1320	158.359	0.0446311
1328	158.248	0.0448384
1336	158.138	0.0450455
1344	158.028	0.0452524
1352	157.917	0.0454591
1360	157.806	0.0456656
1368	157.696	0.045872
1376	157.585	0.0460781
1384	157.474	0.0462841
1392	157.363	0.04649
1400	157.251	0.0466957
1408	157.14	0.0469012
1416	157.029	0.0471066
1424	156.917	0.0473118
1432	156.806	0.0475169
1440	156.694	0.0477219
1448	156.582	0.0479267
1456	156.47	0.0481315
1464	156.358	0.048336
1472	156.246	0.0485405
1480	156.134	0.0487449
1488	156.022	0.0489491
1496	155.909	0.0491533
1504	155.797	0.0493573
1512	155.684	0.0495613
1520	155.571	0.0497652
1528	155.458	0.049969
1536	155.346	0.0501727
1544	155.232	0.0503763
1552	155.119	0.0505799
1560	155.006	0.0507834
1568	154.893	0.0509868
1576	154.779	0.0511902
1584	154.666	0.0513935
1592	154.552	0.0515968
1600	154.438	0.0518001
1608	154.324	0.0520033
1616	154.21	0.0522065
1624	154.096	0.0524096
1632	153.982	0.0526127
1640	153.867	0.0528158
1648	153.753	0.0530189
1656	153.638	0.053222
1664	153.524	0.0534251
1672	153.409	0.0536282
1680	153.294	0.0538313
1688	153.179	0.0540343
1696	153.064	0.0542375
1704	152.949	0.0544406
1712	152.833	0.0546437
1720	152.718	0.0548469
1728	152.602	0.0550501
1736	152.487	0.0552534
1744	152.371	0.0554567
1752	152.255	0.05566
1760	152.139	0.0558634
1768	152.023	0.0560669
1776	151.906	0.0562704
1784	151.79	0.0564739
1792	151.674	0.0566776
1800	151.557	0.0568813
1808	151.44	0.0570851
1816	151.323	0.057289
1824	151.207	0.057493
1832	151.089	0.057697
1840	150.972	0.0579012
1848	150.855	0.0581055
1856	150.738	0.0583098
1864	150.62	0.0585143
1872	150.502	0.0587189
1880	150.385	0.0589237
1888	150.267	0.0591285
1896	150.149	0.0593335
1904	150.031	0.0595386
1912	149.913	0.0597439
1920	149.794	0.0599493
1928	149.676	0.0601549
1936	149.557	0.0603606
1944	149.438	0.0605664
1952	149.32	0.0607725
1960	149.201	0.0609787
1968	149.082	0.061185
1976	148.962	0.0613916
1984	148.843	0.0615983
1992	148.724	0.0618053
2000	148.604	0.0620124
2008	148.485	0.0622197
2016	148.365	0.0624272
2024	148.245	0.0626349
2032	148.125	0.0628428
2040	148.005	0.063051
2048	147.884	0.0632593
2056	147.764	0.0634679
2064	147.644	0.0636768
2072	147.523	0.0638858
2080	147.402	0.0640951
2088	147.281	0.0643046
2096	147.16	0.0645144
2104	147.039	0.0647244
2112	146.918	0.0649347
2120	146.796	0.0651453
2128	146.675	0.0653561
2136	146.553	0.0655672
2144	146.432	0.0657786
2152	146.31	0.0659902
2160	146.188	0.0662021
2168	146.065	0.0664144
2176	145.943	0.0666269
2184	145.821	0.0668397
2192	145.698	0.0670528
2200	145.576	0.0672662
2208	145.453	0.06748
2216	145.33	0.067694
2224	145.207	0.0679084
2232	145.084	0.0681231
2240	144.96	0.0683382
2248	144.837	0.0685535
2256	144.714	0.0687693
2264	144.59	0.0689853
2272	144.466	0.0692017
2280	144.342	0.0694185
2288	144.218	0.0696356
2296	144.094	0.0698531
2304	143.97	0.070071
2312	143.845	0.0702892
2320	143.72	0.0705079
2328	143.596	0.0707269
2336	143.471	0.0709463
2344	143.346	0.071166
2352	143.221	0.0713862
2360	143.096	0.0716068
2368	142.97	0.0718278
2376	142.845	0.0720492
2384	142.719	0.072271
2392	142.593	0.0724932
2400	142.467	0.0727159
2408	142.341	0.072939
2416	142.215	0.0731625
2424	142.089	0.0733865
2432	141.962	0.0736109
2440	141.836	0.0738357
2448	141.709	0.074061
2456	141.582	0.0742868
2464	141.455	0.074513
2472	141.328	0.0747397
2480	141.201	0.0749669
2488	141.073	0.0751946
2496	140.946	0.0754227
2504	140.818	0.0756513
2512	140.69	0.0758804
2520	140.562	0.07611
2528	140.434	0.0763401
2536	140.306	0.0765707
2544	140.177	0.0768018
2552	140.049	0.0770335
2560	139.92	0.0772656
2568	139.791	0.0774983
2576	139.663	0.0777315
2584	139.533	0.0779652
2592	139.404	0.0781995
2600	139.275	0.0784343
2608	139.145	0.0786696
2616	139.016	0.0789056
2624	138.886	0.079142
2632	138.756	0.079379
2640	138.626	0.0796166
2648	138.496	0.0798548
2656	138.365	0.0800935
2664	138.235	0.0803329
2672	138.104	0.0805728
2680	137.974	0.0808132
2688	137.843	0.0810543
2696	137.712	0.081296
2704	137.58	0.0815383
2712	137.449	0.0817812
2720	137.318	0.0820247
2728	137.186	0.0822688
2736	137.054	0.0825135
2744	136.922	0.0827589
2752	136.79	0.0830049
2760	136.658	0.0832515
2768	136.526	0.0834988
2776	136.393	0.0837467
2784	136.26	0.0839953
2792	136.128	0.0842445
2800	135.995	0.0844944
2808	135.862	0.084745
2816	135.728	0.0849962
2824	135.595	0.0852481
2832	135.461	0.0855006
2840	135.328	0.0857539
2848	135.194	0.0860078
2856	135.06	0.0862624
2864	134.926	0.0865177
2872	134.791	0.0867738
2880	134.657	0.0870305
2888	134.522	0.0872879
2896	134.388	0.0875461
2904	134.253	0.087805
2912	134.118	0.0880646
2920	133.983	0.0883249
2928	133.847	0.0885859
2936	133.712	0.0888477
2944	133.576	0.0891103
2952	133.44	0.0893736
2960	133.304	0.0896376
2968	133.168	0.0899024
2976	133.032	0.090168
2984	132.896	0.0904343
2992	132.759	0.0907014
3000	132.622	0.0909692
3008	132.485	0.0912379
3016	132.348	0.0915073
3024	132.211	0.0917776
3032	132.074	0.0920486
3040	131.937	0.0923204
3048	131.799	0.092593
3056	131.661	0.0928665
3064	131.523	0.0931407
3072	131.385	0.0934158
3080	131.247	0.0936916
3088	131.108	0.0939684
3096	130.97	0.0942459
3104	130.831	0.0945243
3112	130.692	0.0948035
3120	130.553	0.0950836
3128	130.414	0.0953645
3136	130.275	0.0956462
3144	130.135	0.0959289
3152	129.995	0.0962124
3160	129.856	0.0964967
3168	129.716	0.096782
3176	129.575	0.0970681
3184	129.435	0.0973551
3192	129.295	0.097643
3200	129.154	0.0979318
3208	129.013	0.0982214
3216	128.872	0.098512
3224	128.731	0.0988035
3232	128.59	0.0990959
3240	128.448	0.0993892
3248	128.307	0.0996834
3256	128.165	0.0999786
3264	128.023	0.100275
3272	127.881	0.100572
3280	127.739	0.10087
3288	127.596	0.101169
3296	127.454	0.101468
3304	127.311	0.101769
3312	127.168	0.102071
3320	127.025	0.102374
3328	126.882	0.102677
3336	126.739	0.102982
3344	126.595	0.103288
3352	126.451	0.103594
3360	126.307	0.103902
3368	126.163	0.104211
3376	126.019	0.10452
3384	125.875	0.104831
3392	125.73	0.105142
3400	125.586	0.105455
3408	125.441	0.105769
3416	125.296	0.106083
3424	125.15	0.106399
3432	125.005	0.106716
3440	124.859	0.107033
3448	124.714	0.107352
3456	124.568	0.107672
3464	124.422	0.107993
3472	124.276	0.108315
3480	124.129	0.108638
3488	123.983	0.108962
3496	123.836	0.109287
3504	123.689	0.109613
3512	123.542	0.10994
3520	123.395	0.110268
3528	123.247	0.110598
3536	123.1	0.110928
3544	122.952	0.11126
3552	122.804	0.111592
3560	122.656	0.111926
3568	122.508	0.112261
3576	122.359	0.112597
3584	122.211	0.112934
3592	122.062	0.113272
3600	121.913	0.113612
3608	121.764	0.113952
3616	121.614	0.114294
3624	121.465	0.114637
3632	121.315	0.11498
3640	121.166	0.115326
3648	121.016	0.115672
3656	120.865	0.116019
3664	120.715	0.116368
3672	120.564	0.116717
3680	120.414	0.117068
3688	120.263	0.11742
3696	120.112	0.117773
3704	119.961	0.118128
3712	119.809	0.118483
3720	119.658	0.11884
3728	119.506	0.119198
3736	119.354	0.119557
3744	119.202	0.119918
3752	119.05	0.12028
3760	118.897	0.120642
3768	118.744	0.121006
3776	118.592	0.121372
3784	118.439	0.121738
3792	118.285	0.122106
3800	118.132	0.122475
3808	117.979	0.122845
3816	117.825	0.123217
3824	117.671	0.12359
3832	117.517	0.123964
3840	117.363	0.124339
3848	117.208	0.124716
3856	117.053	0.125093
3864	116.899	0.125473
3872	116.744	0.125853
3880	116.589	0.126235
3888	116.433	0.126618
3896	116.278	0.127002
3904	116.122	0.127388
3912	115.966	0.127774
3920	115.81	0.128163
3928	115.654	0.128552
3936	115.497	0.128943
3944	115.341	0.129335
3952	115.184	0.129729
3960	115.027	0.130124
3968	114.87	0.13052
3976	114.712	0.130917
3984	114.555	0.131316
3992	114.397	0.131716
4000	114.239	0.132118
4008	114.081	0.132521
4016	113.923	0.132925
4024	113.764	0.133331
4032	113.605	0.133738
4040	113.446	0.134147
4048	113.287	0.134557
4056	113.128	0.134968
4064	112.969	0.13538
4072	112.809	0.135794
4080	112.649	0.13621
4088	112.489	0.136627
4096	112.329	0.137045
4104	112.169	0.137465
4112	112.008	0.137886
4120	111.847	0.138308
4128	111.687	0.138732
4136	111.525	0.139158
4144	111.364	0.139585
4152	111.203	0.140013
4160	111.041	0.140443
4168	110.879	0.140874
4176	110.717	0.141307
4184	110.555	0.141741
4192	110.392	0.142177
4200	110.229	0.142614
4208	110.067	0.143052
4216	109.904	0.143492
4224	109.74	0.143934
4232	109.577	0.144377
4240	109.413	0.144821
4248	109.249	0.145268
4256	109.085	0.145715
4264	108.921	0.146164
