# B map @ z = 1070mm, garfield++ simulation CERN piecewise fit
# t	r	phi
0	181.95	0
8	181.471	0
16	180.992	0
24	180.513	0
32	180.033	0
40	179.554	0
48	179.075	0
56	178.596	0
64	178.117	0
72	177.638	0
80	177.158	0
88	176.679	0
96	176.2	0
104	175.721	0
112	175.242	0
120	174.763	0
128	174.283	0
136	173.804	0
144	173.288	0
152	173.182	0
160	173.077	0
168	172.971	0
176	172.865	0
184	172.76	0
192	172.654	0
200	172.548	0
208	172.443	0
216	172.337	0
224	172.231	0
232	172.125	0
240	172.019	0
248	171.913	0
256	171.807	0
264	171.701	0
272	171.595	0
280	171.489	0
288	171.383	0
296	171.277	0
304	171.171	0
312	171.065	0
320	170.958	0
328	170.852	0
336	170.745	0
344	170.639	0
352	170.533	0
360	170.426	0
368	170.319	0
376	170.213	0
384	170.106	0
392	169.999	0
400	169.893	0
408	169.786	0
416	169.679	0
424	169.572	0
432	169.465	0
440	169.358	0
448	169.251	0
456	169.144	0
464	169.037	0
472	168.93	0
480	168.822	0
488	168.715	0
496	168.608	0
504	168.5	0
512	168.393	0
520	168.285	0
528	168.178	0
536	168.07	0
544	167.963	0
552	167.855	0
560	167.747	0
568	167.639	0
576	167.531	0
584	167.423	0
592	167.315	0
600	167.207	0
608	167.099	0
616	166.991	0
624	166.882	0
632	166.774	0
640	166.666	0
648	166.557	0
656	166.449	0
664	166.34	0
672	166.231	0
680	166.123	0
688	166.014	0
696	165.905	0
704	165.796	0
712	165.687	0
720	165.578	0
728	165.469	0
736	165.36	0
744	165.251	0
752	165.141	0
760	165.032	0
768	164.923	0
776	164.813	0
784	164.703	0
792	164.594	0
800	164.484	0
808	164.374	0
816	164.264	0
824	164.154	0
832	164.044	0
840	163.934	0
848	163.824	0
856	163.714	0
864	163.604	0
872	163.493	0
880	163.383	0
888	163.272	0
896	163.162	0
904	163.051	0
912	162.94	0
920	162.829	0
928	162.718	0
936	162.607	0
944	162.496	0
952	162.385	0
960	162.274	0
968	162.162	0
976	162.051	0
984	161.939	0
992	161.828	0
1000	161.716	0
1008	161.604	0
1016	161.493	0
1024	161.381	0
1032	161.269	0
1040	161.157	0
1048	161.044	0
1056	160.932	0
1064	160.82	0
1072	160.707	0
1080	160.595	0
1088	160.482	0
1096	160.369	0
1104	160.257	0
1112	160.144	0
1120	160.031	0
1128	159.918	0
1136	159.805	0
1144	159.691	0
1152	159.578	0
1160	159.465	0
1168	159.351	0
1176	159.237	0
1184	159.124	0
1192	159.01	0
1200	158.896	0
1208	158.782	0
1216	158.668	0
1224	158.554	0
1232	158.439	0
1240	158.325	0
1248	158.211	0
1256	158.096	0
1264	157.981	0
1272	157.867	0
1280	157.752	0
1288	157.637	0
1296	157.522	0
1304	157.406	0
1312	157.291	0
1320	157.176	0
1328	157.06	0
1336	156.945	0
1344	156.829	0
1352	156.713	0
1360	156.597	0
1368	156.481	0
1376	156.365	0
1384	156.249	0
1392	156.133	0
1400	156.016	0
1408	155.9	0
1416	155.783	0
1424	155.666	0
1432	155.549	0
1440	155.432	0
1448	155.315	0
1456	155.198	0
1464	155.081	0
1472	154.963	0
1480	154.846	0
1488	154.728	0
1496	154.611	0
1504	154.493	0
1512	154.375	0
1520	154.257	0
1528	154.138	0
1536	154.02	0
1544	153.902	0
1552	153.783	0
1560	153.664	0
1568	153.546	0
1576	153.427	0
1584	153.308	0
1592	153.189	0
1600	153.069	0
1608	152.95	0
1616	152.83	0
1624	152.711	0
1632	152.591	0
1640	152.471	0
1648	152.351	0
1656	152.231	0
1664	152.111	0
1672	151.991	0
1680	151.87	0
1688	151.75	0
1696	151.629	0
1704	151.508	0
1712	151.387	0
1720	151.266	0
1728	151.145	0
1736	151.023	0
1744	150.902	0
1752	150.78	0
1760	150.658	0
1768	150.537	0
1776	150.415	0
1784	150.293	0
1792	150.17	0
1800	150.048	0
1808	149.925	0
1816	149.803	0
1824	149.68	0
1832	149.557	0
1840	149.434	0
1848	149.311	0
1856	149.188	0
1864	149.064	0
1872	148.94	0
1880	148.817	0
1888	148.693	0
1896	148.569	0
1904	148.445	0
1912	148.321	0
1920	148.196	0
1928	148.072	0
1936	147.947	0
1944	147.822	0
1952	147.697	0
1960	147.572	0
1968	147.447	0
1976	147.321	0
1984	147.196	0
1992	147.07	0
2000	146.944	0
2008	146.818	0
2016	146.692	0
2024	146.566	0
2032	146.44	0
2040	146.313	0
2048	146.187	0
2056	146.06	0
2064	145.933	0
2072	145.806	0
2080	145.678	0
2088	145.551	0
2096	145.423	0
2104	145.296	0
2112	145.168	0
2120	145.04	0
2128	144.912	0
2136	144.783	0
2144	144.655	0
2152	144.526	0
2160	144.398	0
2168	144.269	0
2176	144.14	0
2184	144.01	0
2192	143.881	0
2200	143.752	0
2208	143.622	0
2216	143.492	0
2224	143.362	0
2232	143.232	0
2240	143.102	0
2248	142.971	0
2256	142.841	0
2264	142.71	0
2272	142.579	0
2280	142.448	0
2288	142.316	0
2296	142.185	0
2304	142.054	0
2312	141.922	0
2320	141.79	0
2328	141.658	0
2336	141.526	0
2344	141.393	0
2352	141.261	0
2360	141.128	0
2368	140.995	0
2376	140.862	0
2384	140.729	0
2392	140.595	0
2400	140.462	0
2408	140.328	0
2416	140.194	0
2424	140.06	0
2432	139.926	0
2440	139.792	0
2448	139.657	0
2456	139.522	0
2464	139.388	0.0300667
2472	139.252	0.0302968
2480	139.117	0.0305272
2488	138.982	0.0307579
2496	138.846	0.0309889
2504	138.711	0.0312202
2512	138.575	0.0314518
2520	138.439	0.0316836
2528	138.302	0.0319158
2536	138.166	0.0321482
2544	138.029	0.0323809
2552	137.892	0.0326138
2560	137.755	0.032847
2568	137.618	0.0330805
2576	137.481	0.0333142
2584	137.343	0.0335481
2592	137.206	0.0337822
2600	137.068	0.0340166
2608	136.93	0.0342512
2616	136.792	0.034486
2624	136.653	0.0347209
2632	136.515	0.0349561
2640	136.376	0.0351915
2648	136.237	0.0354271
2656	136.098	0.0356628
2664	135.959	0.0358987
2672	135.819	0.0361348
2680	135.679	0.0363711
2688	135.54	0.0366074
2696	135.4	0.036844
2704	135.259	0.0370807
2712	135.119	0.0373175
2720	134.978	0.0375544
2728	134.838	0.0377915
2736	134.697	0.0380286
2744	134.556	0.0382659
2752	134.414	0.0385033
2760	134.273	0.0387408
2768	134.131	0.0389784
2776	133.989	0.039216
2784	133.847	0.0394538
2792	133.705	0.0396916
2800	133.562	0.0399294
2808	133.42	0.0401674
2816	133.277	0.0404053
2824	133.134	0.0406434
2832	132.99	0.0408814
2840	132.847	0.0411195
2848	132.703	0.0413577
2856	132.56	0.0415958
2864	132.416	0.041834
2872	132.271	0.0420722
2880	132.127	0.0423104
2888	131.982	0.0425485
2896	131.838	0.0427867
2904	131.693	0.0430248
2912	131.547	0.043263
2920	131.402	0.0435011
2928	131.257	0.0437391
2936	131.111	0.0439772
2944	130.965	0.0442151
2952	130.819	0.0444531
2960	130.672	0.0446909
2968	130.526	0.0449287
2976	130.379	0.0451664
2984	130.232	0.0454041
2992	130.085	0.0456416
3000	129.937	0.0458791
3008	129.79	0.0461165
3016	129.642	0.0463538
3024	129.494	0.0465909
3032	129.346	0.046828
3040	129.198	0.0470649
3048	129.049	0.0473017
3056	128.9	0.0475383
3064	128.751	0.0477748
3072	128.602	0.0480112
3080	128.452	0.0482474
3088	128.303	0.0484835
3096	128.153	0.0487194
3104	128.003	0.0489551
3112	127.853	0.0491906
3120	127.702	0.049426
3128	127.552	0.0496612
3136	127.401	0.0498961
3144	127.25	0.0501309
3152	127.098	0.0503654
3160	126.947	0.0505998
3168	126.795	0.0508339
3176	126.643	0.0510678
3184	126.491	0.0513014
3192	126.339	0.0515348
3200	126.186	0.051768
3208	126.033	0.0520009
3216	125.88	0.0522336
3224	125.727	0.052466
3232	125.574	0.0526981
3240	125.42	0.0529299
3248	125.266	0.0531615
3256	125.112	0.0533927
3264	124.958	0.0536237
3272	124.803	0.0538543
3280	124.648	0.0540847
3288	124.493	0.0543147
3296	124.338	0.0545444
3304	124.183	0.0547738
3312	124.027	0.0550028
3320	123.871	0.0552316
3328	123.715	0.0554599
3336	123.559	0.0556879
3344	123.402	0.0559156
3352	123.246	0.0561428
3360	123.089	0.0563697
3368	122.932	0.0565963
3376	122.774	0.0568224
3384	122.617	0.0570482
3392	122.459	0.0572735
3400	122.301	0.0574985
3408	122.142	0.057723
3416	121.984	0.0579472
3424	121.825	0.0581709
3432	121.666	0.0583941
3440	121.507	0.058617
3448	121.347	0.0588394
3456	121.188	0.0590613
3464	121.028	0.0592828
3472	120.868	0.0595039
3480	120.707	0.0597245
3488	120.547	0.0599446
3496	120.386	0.0601642
3504	120.225	0.0603833
3512	120.063	0.060602
3520	119.902	0.0608201
3528	119.74	0.0610378
3536	119.578	0.0612549
3544	119.416	0.0614715
3552	119.254	0.0616876
3560	119.091	0.0619032
3568	118.928	0.0621182
3576	118.765	0.0623327
3584	118.601	0.0625467
3592	118.438	0.0627601
3600	118.274	0.0629729
3608	118.11	0.0631852
3616	117.945	0.0633969
3624	117.781	0.063608
3632	117.616	0.0638185
3640	117.451	0.0640285
3648	117.285	0.0642378
3656	117.12	0.0644466
3664	116.954	0.0646547
3672	116.788	0.0648622
3680	116.622	0.0650691
3688	116.455	0.0652754
3696	116.288	0.065481
3704	116.121	0.065686
3712	115.954	0.0658904
3720	115.787	0.0660941
3728	115.619	0.0662971
3736	115.451	0.0664995
3744	115.283	0.0667012
3752	115.114	0.0669022
3760	114.945	0.0671025
3768	114.776	0.0673022
3776	114.607	0.0675011
3784	114.438	0.0676993
3792	114.268	0.0678969
3800	114.098	0.0680937
3808	113.928	0.0682898
3816	113.757	0.0684852
3824	113.587	0.0686798
3832	113.416	0.0688737
3840	113.244	0.0690668
3848	113.073	0.0692592
3856	112.901	0.0694508
3864	112.729	0.0696417
3872	112.557	0.0698318
3880	112.384	0.0700211
3888	112.212	0.0702096
3896	112.039	0.0703974
3904	111.865	0.0705843
3912	111.692	0.0707705
3920	111.518	0.0709558
3928	111.344	0.0711403
3936	111.17	0.071324
3944	110.995	0.0715069
3952	110.82	0.0716889
3960	110.645	0.0718701
3968	110.47	0.0720504
3976	110.294	0.0722299
3984	110.119	0.0724085
3992	109.942	0.0725863
4000	109.766	0.0727632
4008	109.589	0.0729392
4016	109.412	0.0731143
4024	109.235	0.0732885
4032	109.058	0.0734619
4040	108.88	0.0736343
