# B map @ z = 720mm, garfield++ simulation CERN piecewise fit
# t	r	phi
0	181.931	0
8	181.478	0
16	181.026	0
24	180.574	0
32	180.122	0
40	179.669	0
48	179.217	0
56	178.765	0
64	178.313	0
72	177.86	0
80	177.408	0
88	176.956	0
96	176.504	0
104	176.051	0
112	175.599	0
120	175.147	0
128	174.695	0
136	174.242	0
144	173.67	0
152	173.57	0
160	173.47	0
168	173.371	0
176	173.271	0
184	173.171	0
192	173.072	0
200	172.972	0
208	172.872	0
216	172.772	0
224	172.672	0
232	172.572	0
240	172.472	0
248	172.372	0
256	172.271	0
264	172.171	0
272	172.071	0
280	171.97	0
288	171.87	0
296	171.77	0
304	171.669	0
312	171.569	0
320	171.468	0
328	171.367	0
336	171.267	0
344	171.166	0
352	171.065	0
360	170.964	0
368	170.863	0
376	170.762	0
384	170.661	0
392	170.56	0
400	170.459	0
408	170.358	0
416	170.256	0
424	170.155	0
432	170.054	0
440	169.952	0
448	169.851	0
456	169.749	0
464	169.648	0
472	169.546	0
480	169.444	0
488	169.342	0
496	169.241	0
504	169.139	0
512	169.037	0
520	168.935	0
528	168.833	0
536	168.73	0
544	168.628	0
552	168.526	0
560	168.424	0
568	168.321	0
576	168.219	0
584	168.116	0
592	168.014	0
600	167.911	0
608	167.808	0
616	167.706	0
624	167.603	0
632	167.5	0
640	167.397	0
648	167.294	0
656	167.191	0
664	167.088	0
672	166.984	0
680	166.881	0
688	166.778	0
696	166.674	0
704	166.571	0
712	166.467	0
720	166.364	0
728	166.26	0
736	166.156	0
744	166.052	0
752	165.948	0
760	165.844	0
768	165.74	0
776	165.636	0
784	165.532	0
792	165.428	0.0300406
800	165.324	0.0302734
808	165.219	0.0305059
816	165.115	0.0307378
824	165.01	0.0309693
832	164.906	0.0312003
840	164.801	0.0314309
848	164.696	0.0316611
856	164.591	0.0318908
864	164.486	0.0321201
872	164.381	0.0323489
880	164.276	0.0325773
888	164.171	0.0328053
896	164.066	0.0330329
904	163.961	0.0332601
912	163.856	0.0334869
920	163.75	0.0337133
928	163.645	0.0339392
936	163.539	0.0341648
944	163.433	0.03439
952	163.328	0.0346148
960	163.222	0.0348393
968	163.116	0.0350634
976	163.01	0.0352871
984	162.904	0.0355104
992	162.798	0.0357334
1000	162.692	0.035956
1008	162.586	0.0361783
1016	162.479	0.0364002
1024	162.373	0.0366218
1032	162.266	0.036843
1040	162.16	0.0370639
1048	162.053	0.0372845
1056	161.946	0.0375048
1064	161.84	0.0377248
1072	161.733	0.0379444
1080	161.626	0.0381638
1088	161.519	0.0383828
1096	161.411	0.0386015
1104	161.304	0.03882
1112	161.197	0.0390381
1120	161.09	0.039256
1128	160.982	0.0394736
1136	160.875	0.0396909
1144	160.767	0.039908
1152	160.659	0.0401247
1160	160.551	0.0403413
1168	160.443	0.0405575
1176	160.335	0.0407735
1184	160.227	0.0409893
1192	160.119	0.0412048
1200	160.011	0.0414201
1208	159.903	0.0416352
1216	159.794	0.04185
1224	159.686	0.0420646
1232	159.577	0.042279
1240	159.469	0.0424932
1248	159.36	0.0427071
1256	159.251	0.0429209
1264	159.142	0.0431344
1272	159.033	0.0433478
1280	158.924	0.043561
1288	158.815	0.043774
1296	158.706	0.0439868
1304	158.596	0.0441994
1312	158.487	0.0444119
1320	158.377	0.0446241
1328	158.268	0.0448363
1336	158.158	0.0450482
1344	158.048	0.0452601
1352	157.938	0.0454717
1360	157.828	0.0456832
1368	157.718	0.0458946
1376	157.608	0.0461059
1384	157.498	0.046317
1392	157.387	0.046528
1400	157.277	0.0467389
1408	157.166	0.0469496
1416	157.056	0.0471603
1424	156.945	0.0473708
1432	156.834	0.0475813
1440	156.723	0.0477916
1448	156.612	0.0480019
1456	156.501	0.048212
1464	156.39	0.0484221
1472	156.278	0.0486321
1480	156.167	0.048842
1488	156.055	0.0490519
1496	155.944	0.0492617
1504	155.832	0.0494714
1512	155.72	0.0496811
1520	155.608	0.0498907
1528	155.496	0.0501003
1536	155.384	0.0503098
1544	155.272	0.0505193
1552	155.16	0.0507288
1560	155.048	0.0509383
1568	154.935	0.0511477
1576	154.822	0.0513571
1584	154.71	0.0515665
1592	154.597	0.0517759
1600	154.484	0.0519853
1608	154.371	0.0521946
1616	154.258	0.052404
1624	154.145	0.0526134
1632	154.032	0.0528228
1640	153.918	0.0530323
1648	153.805	0.0532417
1656	153.691	0.0534512
1664	153.577	0.0536608
1672	153.464	0.0538703
1680	153.35	0.0540799
1688	153.236	0.0542896
1696	153.122	0.0544993
1704	153.007	0.054709
1712	152.893	0.0549189
1720	152.779	0.0551287
1728	152.664	0.0553387
1736	152.55	0.0555487
1744	152.435	0.0557589
1752	152.32	0.0559691
1760	152.205	0.0561793
1768	152.09	0.0563897
1776	151.975	0.0566002
1784	151.86	0.0568108
1792	151.744	0.0570215
1800	151.629	0.0572323
1808	151.513	0.0574432
1816	151.397	0.0576543
1824	151.282	0.0578655
1832	151.166	0.0580768
1840	151.05	0.0582882
1848	150.933	0.0584998
1856	150.817	0.0587115
1864	150.701	0.0589234
1872	150.584	0.0591355
1880	150.468	0.0593477
1888	150.351	0.05956
1896	150.234	0.0597726
1904	150.117	0.0599853
1912	150	0.0601982
1920	149.883	0.0604112
1928	149.766	0.0606245
1936	149.649	0.0608379
1944	149.531	0.0610516
1952	149.414	0.0612654
1960	149.296	0.0614795
1968	149.178	0.0616938
1976	149.06	0.0619082
1984	148.942	0.0621229
1992	148.824	0.0623379
2000	148.706	0.062553
2008	148.587	0.0627684
2016	148.469	0.0629841
2024	148.35	0.0631999
2032	148.231	0.0634161
2040	148.113	0.0636324
2048	147.994	0.0638491
2056	147.874	0.064066
2064	147.755	0.0642832
2072	147.636	0.0645006
2080	147.516	0.0647183
2088	147.397	0.0649363
2096	147.277	0.0651546
2104	147.157	0.0653732
2112	147.037	0.065592
2120	146.917	0.0658112
2128	146.797	0.0660307
2136	146.677	0.0662505
2144	146.557	0.0664706
2152	146.436	0.066691
2160	146.315	0.0669117
2168	146.195	0.0671328
2176	146.074	0.0673542
2184	145.953	0.0675759
2192	145.832	0.067798
2200	145.71	0.0680205
2208	145.589	0.0682432
2216	145.468	0.0684664
2224	145.346	0.0686899
2232	145.224	0.0689137
2240	145.102	0.069138
2248	144.98	0.0693626
2256	144.858	0.0695876
2264	144.736	0.0698129
2272	144.614	0.0700387
2280	144.491	0.0702649
2288	144.368	0.0704914
2296	144.246	0.0707184
2304	144.123	0.0709457
2312	144	0.0711735
2320	143.877	0.0714017
2328	143.753	0.0716303
2336	143.63	0.0718594
2344	143.507	0.0720888
2352	143.383	0.0723187
2360	143.259	0.0725491
2368	143.135	0.0727799
2376	143.011	0.0730111
2384	142.887	0.0732428
2392	142.763	0.073475
2400	142.638	0.0737076
2408	142.514	0.0739407
2416	142.389	0.0741742
2424	142.264	0.0744083
2432	142.139	0.0746428
2440	142.014	0.0748778
2448	141.889	0.0751133
2456	141.764	0.0753493
2464	141.638	0.0755858
2472	141.513	0.0758228
2480	141.387	0.0760603
2488	141.261	0.0762984
2496	141.135	0.0765369
2504	141.009	0.076776
2512	140.883	0.0770156
2520	140.756	0.0772557
2528	140.63	0.0774964
2536	140.503	0.0777376
2544	140.376	0.0779794
2552	140.249	0.0782217
2560	140.122	0.0784646
2568	139.995	0.078708
2576	139.868	0.078952
2584	139.74	0.0791966
2592	139.613	0.0794417
2600	139.485	0.0796875
2608	139.357	0.0799338
2616	139.229	0.0801807
2624	139.101	0.0804282
2632	138.972	0.0806763
2640	138.844	0.080925
2648	138.715	0.0811743
2656	138.586	0.0814243
2664	138.458	0.0816748
2672	138.329	0.081926
2680	138.199	0.0821778
2688	138.07	0.0824302
2696	137.941	0.0826832
2704	137.811	0.0829369
2712	137.681	0.0831913
2720	137.552	0.0834463
2728	137.422	0.083702
2736	137.291	0.0839583
2744	137.161	0.0842153
2752	137.031	0.0844729
2760	136.9	0.0847312
2768	136.769	0.0849902
2776	136.638	0.0852499
2784	136.507	0.0855103
2792	136.376	0.0857714
2800	136.245	0.0860331
2808	136.114	0.0862956
2816	135.982	0.0865588
2824	135.85	0.0868226
2832	135.718	0.0870872
2840	135.586	0.0873526
2848	135.454	0.0876186
2856	135.322	0.0878854
2864	135.189	0.0881529
2872	135.057	0.0884212
2880	134.924	0.0886901
2888	134.791	0.0889599
2896	134.658	0.0892304
2904	134.525	0.0895016
2912	134.391	0.0897737
2920	134.258	0.0900464
2928	134.124	0.09032
2936	133.99	0.0905943
2944	133.856	0.0908695
2952	133.722	0.0911454
2960	133.588	0.091422
2968	133.454	0.0916995
2976	133.319	0.0919778
2984	133.184	0.0922569
2992	133.05	0.0925368
3000	132.914	0.0928175
3008	132.779	0.0930991
3016	132.644	0.0933814
3024	132.509	0.0936646
3032	132.373	0.0939486
3040	132.237	0.0942335
3048	132.101	0.0945192
3056	131.965	0.0948058
3064	131.829	0.0950932
3072	131.692	0.0953814
3080	131.556	0.0956705
3088	131.419	0.0959605
3096	131.282	0.0962514
3104	131.145	0.0965431
3112	131.008	0.0968357
3120	130.871	0.0971292
3128	130.733	0.0974236
3136	130.596	0.0977188
3144	130.458	0.098015
3152	130.32	0.0983121
3160	130.182	0.0986101
3168	130.043	0.098909
3176	129.905	0.0992088
3184	129.766	0.0995095
3192	129.627	0.0998112
3200	129.489	0.100114
3208	129.349	0.100417
3216	129.21	0.100722
3224	129.071	0.101027
3232	128.931	0.101334
3240	128.791	0.101641
3248	128.652	0.101949
3256	128.512	0.102258
3264	128.371	0.102569
3272	128.231	0.10288
3280	128.09	0.103192
3288	127.95	0.103505
3296	127.809	0.103819
3304	127.668	0.104134
3312	127.527	0.10445
3320	127.385	0.104768
3328	127.244	0.105086
3336	127.102	0.105405
3344	126.96	0.105725
3352	126.818	0.106046
3360	126.676	0.106368
3368	126.534	0.106692
3376	126.391	0.107016
3384	126.248	0.107341
3392	126.105	0.107667
3400	125.962	0.107995
3408	125.819	0.108323
3416	125.676	0.108653
3424	125.532	0.108983
3432	125.389	0.109315
3440	125.245	0.109648
3448	125.101	0.109981
3456	124.957	0.110316
3464	124.812	0.110652
3472	124.668	0.110989
3480	124.523	0.111327
3488	124.378	0.111667
3496	124.233	0.112007
3504	124.088	0.112348
3512	123.942	0.112691
3520	123.797	0.113035
3528	123.651	0.113379
3536	123.505	0.113725
3544	123.359	0.114072
3552	123.213	0.11442
3560	123.066	0.11477
3568	122.92	0.11512
3576	122.773	0.115472
3584	122.626	0.115825
3592	122.479	0.116179
3600	122.332	0.116534
3608	122.184	0.11689
3616	122.037	0.117247
3624	121.889	0.117606
3632	121.741	0.117966
3640	121.593	0.118327
3648	121.444	0.118689
3656	121.296	0.119052
3664	121.147	0.119417
3672	120.998	0.119783
3680	120.849	0.12015
3688	120.7	0.120518
3696	120.55	0.120887
3704	120.401	0.121258
3712	120.251	0.12163
3720	120.101	0.122003
3728	119.951	0.122378
3736	119.801	0.122753
3744	119.65	0.12313
3752	119.499	0.123508
3760	119.348	0.123888
3768	119.197	0.124268
3776	119.046	0.12465
3784	118.895	0.125033
3792	118.743	0.125418
3800	118.591	0.125803
3808	118.44	0.12619
3816	118.287	0.126579
3824	118.135	0.126968
3832	117.983	0.127359
3840	117.83	0.127752
3848	117.677	0.128145
3856	117.524	0.12854
3864	117.371	0.128936
3872	117.217	0.129334
3880	117.064	0.129732
3888	116.91	0.130132
3896	116.756	0.130534
3904	116.602	0.130937
3912	116.447	0.131341
3920	116.293	0.131746
3928	116.138	0.132153
3936	115.983	0.132562
3944	115.828	0.132971
3952	115.673	0.133382
3960	115.517	0.133795
3968	115.362	0.134208
3976	115.206	0.134623
3984	115.05	0.13504
3992	114.894	0.135458
4000	114.737	0.135877
4008	114.581	0.136298
4016	114.424	0.13672
4024	114.267	0.137143
4032	114.11	0.137568
4040	113.952	0.137995
4048	113.795	0.138422
4056	113.637	0.138852
4064	113.479	0.139282
4072	113.321	0.139714
4080	113.163	0.140148
4088	113.004	0.140583
4096	112.845	0.141019
4104	112.686	0.141457
4112	112.527	0.141897
4120	112.368	0.142337
4128	112.209	0.14278
4136	112.049	0.143224
4144	111.889	0.143669
4152	111.729	0.144116
4160	111.569	0.144564
4168	111.408	0.145014
4176	111.247	0.145465
4184	111.087	0.145918
4192	110.926	0.146372
4200	110.764	0.146828
4208	110.603	0.147285
4216	110.441	0.147744
4224	110.279	0.148204
4232	110.117	0.148666
4240	109.955	0.149129
4248	109.793	0.149594
4256	109.63	0.150061
4264	109.467	0.150529
4272	109.304	0.150998
4280	109.141	0.15147
4288	108.977	0.151942
