0.0000000000	6.5816296621
0.0002501251	6.5763826801
0.0005002501	6.5703747720
0.0007503752	6.5642610858
0.0010005003	6.5581097541
0.0012506253	6.5518284673
0.0015007504	6.5456326133
0.0017508754	6.5394637232
0.0020010005	6.5332967005
0.0022511256	6.5269678544
0.0025012506	6.5207519795
0.0027513757	6.5145703501
0.0030015008	6.5084115110
0.0032516258	6.5021558502
0.0035017509	6.4959796491
0.0037518759	6.4898128545
0.0040020010	6.4834941105
0.0042521261	6.4772905125
0.0045022511	6.4711236146
0.0047523762	6.4649673864
0.0050025013	6.4587430529
0.0052526263	6.4525732755
0.0055027514	6.4464197856
0.0057528764	6.4402723807
0.0060030015	6.4339978545
0.0062531266	6.4278205446
0.0065032516	6.4216655347
0.0067533767	6.4153506226
0.0070035018	6.4091516247
0.0072536268	6.4029847750
0.0075037519	6.3968422954
0.0077538769	6.3905975246
0.0080040020	6.3844383578
0.0082541271	6.3782849451
0.0085042521	6.3721474498
0.0087543772	6.3658386325
0.0090045023	6.3596576430
0.0092546273	6.3535163278
0.0095047524	6.3473708372
0.0097548774	6.3411635193
0.0100050025	6.3350110918
0.0102551276	6.3288729480
0.0105052526	6.3226152819
0.0107553777	6.3164528909
0.0110055028	6.3103150402
0.0112556278	6.3040152384
0.0115057529	6.2978313602
0.0117558779	6.2916883963
0.0120060030	6.2855575202
0.0122561281	6.2794240032
0.0125062531	6.2732028229
0.0127563782	6.2670538615
0.0130065033	6.2609304085
0.0132566283	6.2546382078
0.0135067534	6.2484710574
0.0137568784	6.2423412885
0.0140070035	6.2362158587
0.0142571286	6.2300205517
0.0145072536	6.2238830060
0.0147573787	6.2177655431
0.0150075038	6.2115261767
0.0152576288	6.2053782058
0.0155077539	6.1992543603
0.0157578789	6.1931388987
0.0160080040	6.1868603379
0.0162581291	6.1806936080
0.0165082541	6.1745670227
0.0167583792	6.1684539461
0.0170085043	6.1622399844
0.0172586293	6.1561075816
0.0175087544	6.1499942447
0.0177588794	6.1437207451
0.0180090045	6.1375720714
0.0182591296	6.1314599560
0.0185092546	6.1253505886
0.0187593797	6.1192467687
0.0190095048	6.1130726393
0.0192596298	6.1069528199
0.0195097549	6.1008484670
0.0197598799	6.0946261838
0.0200100050	6.0884978506
0.0202601301	6.0823935700
0.0205102551	6.0761288107
0.0207603802	6.0699778129
0.0210105053	6.0638689304
0.0212606303	6.0577682902
0.0215107554	6.0515748654
0.0217608804	6.0454677215
0.0220110055	6.0393640824
0.0222611306	6.0332703237
0.0225112556	6.0270187023
0.0227613807	6.0208876018
0.0230115058	6.0147888337
0.0232616308	6.0087015011
0.0235117559	6.0025447780
0.0237618809	5.9964421152
0.0240120060	5.9903508707
0.0242621311	5.9841491636
0.0245122561	5.9780356605
0.0247623812	5.9719454337
0.0250125063	5.9656979375
0.0252626313	5.9595648259
0.0255127564	5.9534714634
0.0257628814	5.9473879352
0.0260130065	5.9413134361
0.0262631316	5.9351434918
0.0265132566	5.9290406104
0.0267633817	5.9229666452
0.0270135068	5.9167249842
0.0272636318	5.9106112551
0.0275137569	5.9045269307
0.0277638819	5.8984590880
0.0280140070	5.8923139525
0.0282641321	5.8862324842
0.0285142571	5.8801581351
0.0287643822	5.8739728236
0.0290145073	5.8678749891
0.0292646323	5.8618035211
0.0295147574	5.8557420343
0.0297648824	5.8495157121
0.0300150075	5.8434009363
0.0302651326	5.8373255646
0.0305152576	5.8312603794
0.0307653827	5.8251063330
0.0310155078	5.8190276214
0.0312656328	5.8129617421
0.0315157579	5.8067402168
0.0317658829	5.8006435139
0.0320160080	5.7945841083
0.0322661331	5.7885261983
0.0325162581	5.7824764079
0.0327663832	5.7763532378
0.0330165083	5.7702884709
0.0332666333	5.7642324070
0.0335167584	5.7580659361
0.0337668834	5.7519868173
0.0340170085	5.7459350908
0.0342671336	5.7397227129
0.0345172586	5.7336255710
0.0347673837	5.7275673960
0.0350175088	5.7215202894
0.0352676338	5.7153859511
0.0355177589	5.7093229224
0.0357678839	5.7032730641
0.0360180090	5.6972349831
0.0362681341	5.6910380865
0.0365182591	5.6849679573
0.0367683842	5.6789178579
0.0370185093	5.6728821195
0.0372686343	5.6667744494
0.0375187594	5.6607258863
0.0377688844	5.6546931285
0.0380190095	5.6485408694
0.0382691346	5.6424780909
0.0385192596	5.6364445895
0.0387693847	5.6302521030
0.0390195098	5.6241767102
0.0392696348	5.6181366266
0.0395197599	5.6121048483
0.0397698849	5.6060858248
0.0400200100	5.5999724387
0.0402701351	5.5939174807
0.0405202601	5.5878955655
0.0407703852	5.5817133238
0.0410205103	5.5756593397
0.0412706353	5.5696255583
0.0415207604	5.5636149675
0.0417708854	5.5575165945
0.0420210105	5.5514875914
0.0422711356	5.5454729385
0.0425212606	5.5394612332
0.0427713857	5.5333310515
0.0430215108	5.5272886941
0.0432716358	5.5212743382
0.0435217609	5.5151017278
0.0437718859	5.5090414949
0.0440220110	5.5030214978
0.0442721361	5.4970108330
0.0445222611	5.4909122435
0.0447723862	5.4848889473
0.0450225113	5.4788777927
0.0452726363	5.4727177114
0.0455227614	5.4666707506
0.0457728864	5.4606635790
0.0460230115	5.4546638488
0.0462731366	5.4486688755
0.0465232616	5.4425997872
0.0467733867	5.4365922379
0.0470235118	5.4305915199
0.0472736368	5.4244811233
0.0475237619	5.4184565744
0.0477738869	5.4124623855
0.0480240120	5.4063106471
0.0482741371	5.4002656612
0.0485242621	5.3942641415
0.0487743872	5.3882713243
0.0490245123	5.3821932459
0.0492746373	5.3761915600
0.0495247624	5.3701972627
0.0497748874	5.3642146859
0.0500250125	5.3580755808
0.0502751376	5.3520502914
0.0505252626	5.3460625859
0.0507753877	5.3400837603
0.0510255128	5.3340330790
0.0512756378	5.3280418526
0.0515257629	5.3220654883
0.0517758879	5.3159696642
0.0520260130	5.3099697244
0.0522761381	5.3039880509
0.0525262631	5.2980184006
0.0527763882	5.2918888306
0.0530265133	5.2858650530
0.0532766383	5.2798771586
0.0535267634	5.2739121362
0.0537768884	5.2678492154
0.0540270135	5.2618722045
0.0542771386	5.2558983965
0.0545272636	5.2497742846
0.0547773887	5.2437721039
0.0550275138	5.2377991772
0.0552776388	5.2318428504
0.0555277639	5.2258124636
0.0557778889	5.2197280365
0.0560280140	5.2137705358
0.0562781391	5.2078168846
0.0565282641	5.2017440625
0.0567783892	5.1957633551
0.0570285143	5.1898046482
0.0572786393	5.1836897992
0.0575287644	5.1776888189
0.0577788894	5.1717215035
0.0580290145	5.1657756513
0.0582791396	5.1597349029
0.0585292646	5.1537749120
0.0587793897	5.1478197298
0.0590295148	5.1417157846
0.0592796398	5.1357331608
0.0595297649	5.1297880824
0.0597798899	5.1238424495
0.0600300150	5.1179069682
0.0602801401	5.1119003733
0.0605302651	5.1059472722
0.0607803902	5.1000097262
0.0610305153	5.0939575538
0.0612806403	5.0879968388
0.0615307654	5.0820553997
0.0617808904	5.0759645050
0.0620310155	5.0699853702
0.0622811406	5.0640334325
0.0625312656	5.0581112710
0.0627813907	5.0520908333
0.0630315158	5.0461488822
0.0632816408	5.0402130332
0.0635317659	5.0342977781
0.0637818909	5.0282133766
0.0640320160	5.0222493545
0.0642821411	5.0163241406
0.0645322661	5.0104046487
0.0647823912	5.0044171939
0.0650325163	4.9984866301
0.0652826413	4.9925694842
0.0655327664	4.9865352375
0.0657828914	4.9805959183
0.0660330165	4.9746791430
0.0662831416	4.9687699401
0.0665332666	4.9626992802
0.0667833917	4.9567413913
0.0670335168	4.9508154165
0.0672836418	4.9449117590
0.0675337669	4.9389133133
0.0677838919	4.9329929723
0.0680340170	4.9270824936
0.0682841421	4.9210261523
0.0685342671	4.9150823945
0.0687843922	4.9091722446
0.0690345173	4.9032729845
0.0692846423	4.8973097202
0.0695347674	4.8913970819
0.0697848924	4.8855011902
0.0700350175	4.8796102514
0.0702851426	4.8736055704
0.0705352676	4.8676824198
0.0707853927	4.8617875388
0.0710355178	4.8557400476
0.0712856428	4.8498036493
0.0715357679	4.8439046219
0.0717858929	4.8380216767
0.0720360180	4.8320350069
0.0722861431	4.8261337811
0.0725362681	4.8202490359
0.0727863932	4.8142086901
0.0730365183	4.8082896618
0.0732866433	4.8024007994
0.0735367684	4.7965265979
0.0737868934	4.7906514248
0.0740370185	4.7847123879
0.0742871436	4.7788246128
0.0745372686	4.7729512029
0.0747873937	4.7669606016
0.0750375188	4.7610650020
0.0752876438	4.7551913958
0.0755377689	4.7491661270
0.0757878939	4.7432508453
0.0760380190	4.7373733512
0.0762881441	4.7315085038
0.0765382691	4.7256392063
0.0767883942	4.7196907440
0.0770385193	4.7138084653
0.0772886443	4.7079481815
0.0775387694	4.7019330734
0.0777888944	4.6960336790
0.0780390195	4.6901675024
0.0782891446	4.6843159738
0.0785392696	4.6783975287
0.0787893947	4.6725296479
0.0790395198	4.6666778435
0.0792896448	4.6607133982
0.0795397699	4.6548394413
0.0797898949	4.6489879437
0.0800400200	4.6431407727
0.0802901451	4.6371412306
0.0805402701	4.6312477235
0.0807903952	4.6253919016
0.0810405203	4.6195538928
0.0812906453	4.6136200326
0.0815407704	4.6077659253
0.0817908954	4.6019218470
0.0820410205	4.5959314147
0.0822911456	4.5900523088
0.0825412706	4.5842125105
0.0827913957	4.5783793488
0.0830415208	4.5724789816
0.0832916458	4.5666374264
0.0835417709	4.5608079206
0.0837918959	4.5549835774
0.0840420210	4.5490418032
0.0842921461	4.5431912427
0.0845422711	4.5373648492
0.0847923962	4.5313846651
0.0850425213	4.5255122925
0.0852926463	4.5196839692
0.0855427714	4.5138603954
0.0857928964	4.5079502292
0.0860430215	4.5021161223
0.0862931466	4.4962945843
0.0865432716	4.4903277138
0.0867933967	4.4844770326
0.0870435218	4.4786600964
0.0872936468	4.4728494825
0.0875437719	4.4670428160
0.0877938969	4.4611742223
0.0880440220	4.4553529572
0.0882941471	4.4495432246
0.0885442721	4.4436265849
0.0887943972	4.4377988056
0.0890445223	4.4319925459
0.0892946473	4.4260394729
0.0895447724	4.4201893152
0.0897948974	4.4143803198
0.0900450225	4.4085846901
0.0902951476	4.4027865650
0.0905452726	4.3969098313
0.0907953977	4.3910941228
0.0910455228	4.3853024187
0.0912956478	4.3793577096
0.0915457729	4.3735362477
0.0917958979	4.3677403218
0.0920460230	4.3619551335
0.0922961481	4.3561033153
0.0925462731	4.3503056375
0.0927963982	4.3445243411
0.0930465233	4.3386302232
0.0932966483	4.3328233588
0.0935467734	4.3270461275
0.0937968984	4.3212687476
0.0940470235	4.3153375425
0.0942971486	4.3095162104
0.0945472736	4.3037357546
0.0947973987	4.2979651008
0.0950475238	4.2921002600
0.0952976488	4.2863135541
0.0955477739	4.2805441443
0.0957978989	4.2746221076
0.0960480240	4.2688204410
0.0962981491	4.2630506441
0.0965482741	4.2572894540
0.0967983992	4.2514645070
0.0970485243	4.2456907327
0.0972986493	4.2399319926
0.0975487744	4.2341782875
0.0977988994	4.2283113088
0.0980490245	4.2225314103
0.0982991496	4.2167726547
0.0985492746	4.2108696699
0.0987993997	4.2050712650
0.0990495248	4.1993108959
0.0992996498	4.1935661713
0.0995497749	4.1877259788
0.0997998999	4.1819615726
0.1000500250	4.1762117155
0.1003001501	4.1704781623
0.1005502751	4.1645834301
0.1008004002	4.1588032469
0.1010505253	4.1530607731
0.1013006503	4.1473269386
0.1015507754	4.1415252781
0.1018009005	4.1357774173
0.1020510255	4.1300494279
0.1023011506	4.1242066940
0.1025512756	4.1184509605
0.1028014007	4.1127200238
0.1030515258	4.1068389573
0.1033016508	4.1010592635
0.1035517759	4.0953266510
0.1038019010	4.0896070220
0.1040520260	4.0838887740
0.1043021511	4.0780867672
0.1045522761	4.0723431763
0.1048024012	4.0666274628
0.1050525263	4.0606439961
0.1053026513	4.0548922551
0.1055527764	4.0491691026
0.1058029015	4.0434597387
0.1060530265	4.0376882106
0.1063031516	4.0319649551
0.1065532766	4.0262591613
0.1068034017	4.0204426475
0.1070535268	4.0147124966
0.1073036518	4.0090055575
0.1075537769	4.0033030443
0.1078039020	3.9974533626
0.1080540270	3.9917066645
0.1083041521	3.9860008191
0.1085542771	3.9803069487
0.1088044022	3.9745209563
0.1090545273	3.9688099824
0.1093046523	3.9631125308
0.1095547774	3.9572785515
0.1098049025	3.9515483800
0.1100550275	3.9458572230
0.1103051526	3.9401693347
0.1105552776	3.9344903618
0.1108054027	3.9287366702
0.1110555278	3.9230463965
0.1113056528	3.9173701474
0.1115557779	3.9115816167
0.1118059030	3.9058783318
0.1120560280	3.9002003999
0.1123061531	3.8943753221
0.1125562781	3.8886542624
0.1128064032	3.8829717299
0.1130565283	3.8773036573
0.1133066533	3.8715436607
0.1135567784	3.8658582614
0.1138069035	3.8601913509
0.1140570285	3.8545311230
0.1143071536	3.8487204065
0.1145572786	3.8430228820
0.1148074037	3.8373587134
0.1150575288	3.8317013833
0.1153076538	3.8259836160
0.1155577789	3.8203175628
0.1158079040	3.8146614476
0.1160580290	3.8089009947
0.1163081541	3.8032261331
0.1165582791	3.7975749366
0.1168084042	3.7917757540
0.1170585293	3.7860828144
0.1173086543	3.7804274063
0.1175587794	3.7747850992
0.1178089045	3.7691420584
0.1180590295	3.7634196119
0.1183091546	3.7577595671
0.1185592796	3.7521232625
0.1188094047	3.7463405174
0.1190595298	3.7406753110
0.1193096548	3.7350323082
0.1195597799	3.7294051781
0.1198099050	3.7237080689
0.1200600300	3.7180717148
0.1203101551	3.7124489780
0.1205602801	3.7067158311
0.1208104052	3.7010664917
0.1210605303	3.6954422978
0.1213106553	3.6898238897
0.1215607804	3.6840565303
0.1218109055	3.6783955185
0.1220610305	3.6727715563
0.1223111556	3.6671585662
0.1225612806	3.6614608128
0.1228114057	3.6558283170
0.1230615308	3.6502165939
0.1233116558	3.6444627854
0.1235617809	3.6388197598
0.1238119060	3.6332126029
0.1240620310	3.6276073978
0.1243121561	3.6220131999
0.1245622811	3.6163494966
0.1248124062	3.6107396488
0.1250625313	3.6051462511
0.1253126563	3.5994431454
0.1255627814	3.5938261372
0.1258129065	3.5882337899
0.1260630315	3.5824919289
0.1263131566	3.5768567789
0.1265632816	3.5712595524
0.1268134067	3.5656758446
0.1270635318	3.5600031870
0.1273136568	3.5544031715
0.1275637819	3.5488182772
0.1278139070	3.5432479825
0.1280640320	3.5375210782
0.1283141571	3.5319162871
0.1285642821	3.5263319660
0.1288144072	3.5207627548
0.1290645323	3.5151261679
0.1293146573	3.5095467641
0.1295647824	3.5039805521
0.1298149075	3.4983090459
0.1300650325	3.4927192095
0.1303151576	3.4871502526
0.1305652826	3.4814455129
0.1308154077	3.4758379708
0.1310655328	3.4702718531
0.1313156578	3.4647168986
0.1315657829	3.4591655285
0.1318159080	3.4535321451
0.1320660330	3.4479574095
0.1323161581	3.4424053609
0.1325662831	3.4367123892
0.1328164082	3.4311293006
0.1330665333	3.4255764919
0.1333166583	3.4200346806
0.1335667834	3.4144359452
0.1338169085	3.4088842408
0.1340670335	3.4033458236
0.1343171586	3.3978145214
0.1345672836	3.3921766222
0.1348174087	3.3866183674
0.1350675338	3.3810849440
0.1353176588	3.3754062713
0.1355677839	3.3698288265
0.1358179090	3.3642905235
0.1360680340	3.3587690648
0.1363181591	3.3531678024
0.1365682841	3.3476237585
0.1368184092	3.3421037229
0.1370685343	3.3364395521
0.1373186593	3.3308925091
0.1375687844	3.3253697875
0.1378189095	3.3198585678
0.1380690345	3.3143499305
0.1383191596	3.3087820043
0.1385692846	3.3032620155
0.1388194097	3.2977579467
0.1390695348	3.2921458369
0.1393196598	3.2866216588
0.1395697849	3.2811166366
0.1398199100	3.2754720792
0.1400700350	3.2699257798
0.1403201601	3.2644215417
0.1405702851	3.2589271013
0.1408204102	3.2533512171
0.1410705353	3.2478439700
0.1413206603	3.2423517726
0.1415707854	3.2368703857
0.1418209105	3.2312397616
0.1420710355	3.2257257010
0.1423211606	3.2202359081
0.1425712856	3.2147576794
0.1428214107	3.2092171936
0.1430715358	3.2037305705
0.1433216608	3.1982572323
0.1435717859	3.1926783920
0.1438219110	3.1871845680
0.1440720360	3.1817107582
0.1443221611	3.1760984048
0.1445722861	3.1705824238
0.1448224112	3.1651049838
0.1450725363	3.1595441187
0.1453226613	3.1540854083
0.1455727864	3.1485436642
0.1458229115	3.1430669127
0.1460730365	3.1376117674
0.1463231616	3.1320159911
0.1465732866	3.1265290551
0.1468234117	3.1210754413
0.1470735368	3.1156284986
0.1473236618	3.1101207208
0.1475737869	3.1046669950
0.1478239120	3.0992259209
0.1480740370	3.0937892641
0.1483241621	3.0882473794
0.1485742871	3.0827895587
0.1488244122	3.0773495160
0.1490745373	3.0717731059
0.1493246623	3.0662938804
0.1495747874	3.0608588044
0.1498249125	3.0554288954
0.1500750375	3.0499212386
0.1503251626	3.0444791267
0.1505752876	3.0390545841
0.1508254127	3.0334930846
0.1510755378	3.0280385698
0.1513256628	3.0226177270
0.1515757879	3.0172076191
0.1518259130	3.0118022871
0.1520760380	3.0063263498
0.1523261631	3.0009097239
0.1525762881	2.9955045930
0.1528264132	2.9899971483
0.1530765383	2.9845686884
0.1533266633	2.9791675881
0.1535767884	2.9736240510
0.1538269135	2.9681788046
0.1540770385	2.9627773668
0.1543271636	2.9573836345
0.1545772886	2.9519096818
0.1548274137	2.9465024650
0.1550775388	2.9411127213
0.1553276638	2.9357307308
0.1555777889	2.9302066583
0.1558279140	2.9247901140
0.1560780390	2.9194042033
0.1563281641	2.9140299839
0.1565782891	2.9085982374
0.1568284142	2.9032086588
0.1570785393	2.8978402017
0.1573286643	2.8923684928
0.1575787894	2.8869771276
0.1578289145	2.8816067880
0.1580790395	2.8762462751
0.1583291646	2.8707442846
0.1585792896	2.8653360346
0.1588294147	2.8599678177
0.1590795398	2.8546112538
0.1593296648	2.8491765425
0.1595797899	2.8438086593
0.1598299150	2.8384562302
0.1600800400	2.8329684086
0.1603301651	2.8275875542
0.1605802901	2.8222354236
0.1608304152	2.8168963852
0.1610805403	2.8114930410
0.1613306653	2.8061468181
0.1615807904	2.8008102455
0.1618309155	2.7954807026
0.1620810405	2.7900478223
0.1623311656	2.7846958333
0.1625812906	2.7793654446
0.1628314157	2.7738987853
0.1630815408	2.7685248961
0.1633316658	2.7631907403
0.1635817909	2.7578703298
0.1638319160	2.7524742352
0.1640820410	2.7471407880
0.1643321661	2.7418264655
0.1645822911	2.7363719649
0.1648324162	2.7310292402
0.1650825413	2.7257193882
0.1653326663	2.7204147596
0.1655827914	2.7151167824
0.1658329165	2.7097583690
0.1660830415	2.7044449744
0.1663331666	2.6991490793
0.1665832916	2.6937491897
0.1668334167	2.6884358029
0.1670835418	2.6831411956
0.1673336668	2.6777099151
0.1675837919	2.6723771062
0.1678339170	2.6670858138
0.1680840420	2.6618001072
0.1683341671	2.6564424446
0.1685842921	2.6511440371
0.1688344172	2.6458653644
0.1690845423	2.6405957676
0.1693346673	2.6351828534
0.1695847924	2.6298788668
0.1698349175	2.6246055519
0.1700850425	2.6193430516
0.1703351676	2.6140138685
0.1705852926	2.6087444451
0.1708354177	2.6034860654
0.1710855428	2.5981314528
0.1713356678	2.5928502629
0.1715857929	2.5875953860
0.1718359180	2.5823487806
0.1720860430	2.5769606099
0.1723361681	2.5716655335
0.1725862931	2.5664145049
0.1728364182	2.5611719237
0.1730865433	2.5558529256
0.1733366683	2.5505952640
0.1735867934	2.5453572257
0.1738369185	2.5399838020
0.1740870435	2.5347195578
0.1743371686	2.5294842542
0.1745872936	2.5242613606
0.1748374187	2.5189752587
0.1750875438	2.5137426217
0.1753376688	2.5085213380
0.1755877939	2.5033076625
0.1758379190	2.4979905734
0.1760880440	2.4927538028
0.1763381691	2.4875396950
0.1765882941	2.4821925853
0.1768384192	2.4769350148
0.1770885443	2.4717236132
0.1773386693	2.4665202689
0.1775887944	2.4611327923
0.1778389195	2.4559175238
0.1780890445	2.4507201575
0.1783391696	2.4453898049
0.1785892946	2.4401639537
0.1788394197	2.4349698612
0.1790895448	2.4297829207
0.1793396698	2.4246031707
0.1795897949	2.4193576646
0.1798399200	2.4141702818
0.1800900450	2.4089953162
0.1803401701	2.4037181752
0.1805902951	2.3985209095
0.1808404202	2.3933507549
0.1810905453	2.3880443668
0.1813406703	2.3828308396
0.1815907954	2.3776604461
0.1818409205	2.3724978091
0.1820910455	2.3673446390
0.1823411706	2.3621047337
0.1825912956	2.3569351975
0.1828414207	2.3517821735
0.1830915458	2.3464949597
0.1833416708	2.3413155790
0.1835917959	2.3361680429
0.1838419210	2.3310254240
0.1840920460	2.3258288552
0.1843421711	2.3206802833
0.1845922961	2.3155409071
0.1848424212	2.3103116275
0.1850925463	2.3051586742
0.1853426713	2.3000275590
0.1855927964	2.2949038612
0.1858429215	2.2896476990
0.1860930465	2.2844780546
0.1863431716	2.2793529706
0.1865932966	2.2742348448
0.1868434217	2.2690447152
0.1870935468	2.2639139232
0.1873436718	2.2588037609
0.1875937969	2.2535613469
0.1878439220	2.2484264881
0.1880940470	2.2433197925
0.1883441721	2.2382188270
0.1885942971	2.2330663792
0.1888444222	2.2279632013
0.1890945473	2.2228727559
0.1893446723	2.2177870896
0.1895947974	2.2126023055
0.1898449225	2.2074963634
0.1900950475	2.2024102581
0.1903451726	2.1971969334
0.1905952976	2.1920706552
0.1908454227	2.1869891865
0.1910955478	2.1819217651
0.1913456728	2.1767757966
0.1915957979	2.1716902191
0.1918459230	2.1666242193
0.1920960480	2.1615648461
0.1923461731	2.1563731966
0.1925962981	2.1512836007
0.1928464232	2.1462242286
0.1930965483	2.1411727214
0.1933466733	2.1360668422
0.1935967984	2.1310089566
0.1938469235	2.1259667737
0.1940970485	2.1208279623
0.1943471736	2.1157644792
0.1945972986	2.1107260678
0.1948474237	2.1055572554
0.1950975488	2.1004820169
0.1953476738	2.0954462327
0.1955977989	2.0904150492
0.1958479240	2.0853990221
0.1960980490	2.0803019569
0.1963481741	2.0752667882
0.1965982991	2.0702495042
0.1968484242	2.0651051359
0.1970985493	2.0600587976
0.1973486743	2.0550455174
0.1975987994	2.0500441824
0.1978489245	2.0449844724
0.1980990495	2.0399731804
0.1983491746	2.0349739379
0.1985992996	2.0298844381
0.1988494247	2.0248683459
0.1990995498	2.0198769207
0.1993496748	2.0148897443
0.1995997999	2.0097755703
0.1998499250	2.0047488487
0.2001000500	1.9997642528
0.2003501751	1.9947841744
0.2006003002	1.9897375441
0.2008504252	1.9847480469
0.2011005503	1.9797799749
0.2013506753	1.9746826214
0.2016008004	1.9696879404
0.2018509255	1.9647221490
0.2021010505	1.9597671500
0.2023511756	1.9547512301
0.2026013007	1.9497920829
0.2028514257	1.9448409890
0.2031015508	1.9398982907
0.2033516758	1.9348603798
0.2036018009	1.9298953349
0.2038519260	1.9249557711
0.2041020510	1.9198866700
0.2043521761	1.9149108394
0.2046023012	1.9099725721
0.2048524262	1.9049382626
0.2051025513	1.8999399032
0.2053526763	1.8950028430
0.2056028014	1.8900836322
0.2058529265	1.8851693996
0.2061030515	1.8801255786
0.2063531766	1.8751827494
0.2066033017	1.8702715969
0.2068534267	1.8653676049
0.2071035518	1.8604087444
0.2073536768	1.8555014883
0.2076038019	1.8506056088
0.2078539270	1.8456179508
0.2081040520	1.8407048964
0.2083541771	1.8358160242
0.2086043022	1.8308000473
0.2088544272	1.8258779051
0.2091045523	1.8209928949
0.2093546773	1.8161119383
0.2096048024	1.8112378468
0.2098549275	1.8063008894
0.2101050525	1.8014181873
0.2103551776	1.7965512825
0.2106053027	1.7915638047
0.2108554277	1.7866720713
0.2111055528	1.7818102671
0.2113556778	1.7769610823
0.2116058029	1.7720557708
0.2118559280	1.7671988679
0.2121060530	1.7623586801
0.2123561781	1.7574246081
0.2126063032	1.7525652892
0.2128564282	1.7477270924
0.2131065533	1.7429010155
0.2133566783	1.7379441931
0.2136068034	1.7330724908
0.2138569285	1.7282491813
0.2141070535	1.7234273892
0.2143571786	1.7185360439
0.2146073037	1.7137066816
0.2148574287	1.7088977609
0.2151075538	1.7039616713
0.2153576788	1.6991283319
0.2156078039	1.6943211200
0.2158579290	1.6895263978
0.2161080540	1.6847366313
0.2163581791	1.6798926670
0.2166083042	1.6750900779
0.2168584292	1.6703057866
0.2171085543	1.6654330037
0.2173586793	1.6606318959
0.2176088044	1.6558513266
0.2178589295	1.6509518153
0.2181090545	1.6461355961
0.2183591796	1.6413643146
0.2186093047	1.6366057543
0.2188594297	1.6317685343
0.2191095548	1.6269935197
0.2193596798	1.6222386855
0.2196098049	1.6174941594
0.2198599300	1.6126189778
0.2201100550	1.6078450809
0.2203601801	1.6030973274
0.2206103052	1.5983615503
0.2208604302	1.5935730539
0.2211105553	1.5888311982
0.2213606803	1.5840998329
0.2216108054	1.5792866874
0.2218609305	1.5745406283
0.2221110555	1.5698193872
0.2223611806	1.5649783597
0.2226113057	1.5602203273
0.2228614307	1.5555066848
0.2231115558	1.5507992382
0.2233616808	1.5461002799
0.2236118059	1.5413317929
0.2238619310	1.5366176235
0.2241120560	1.5319236924
0.2243621811	1.5271100028
0.2246123062	1.5223940324
0.2248624312	1.5177055264
0.2251125563	1.5130264780
0.2253626813	1.5082990749
0.2256128064	1.5036125671
0.2258629315	1.4989406532
0.2261130565	1.4941892046
0.2263631816	1.4895016530
0.2266133067	1.4848394193
0.2268634317	1.4801845686
0.2271135568	1.4754105784
0.2273636818	1.4706166495
0.2276138069	1.4659626429
0.2278639320	1.4613225798
0.2281140570	1.4566130574
0.2283641821	1.4519599512
0.2286143072	1.4473272063
0.2288644322	1.4425740955
0.2291145573	1.4379195121
0.2293646823	1.4332908183
0.2296148074	1.4286740066
0.2298649325	1.4240639875
0.2301150575	1.4193999967
0.2303651826	1.4147832283
0.2306153077	1.4101769583
0.2308654327	1.4054913565
0.2311155578	1.4008732777
0.2313656828	1.3962783787
0.2316158079	1.3915637631
0.2318659330	1.3869331705
0.2321160580	1.3823471603
0.2323661831	1.3777682745
0.2326163082	1.3731240116
0.2328664332	1.3685351706
0.2331165583	1.3639673961
0.2333666833	1.3594053474
0.2336168084	1.3547256214
0.2338669335	1.3501382450
0.2341170585	1.3455813460
0.2343671836	1.3410318147
0.2346173087	1.3364344210
0.2348674337	1.3318808430
0.2351175588	1.3273444234
0.2353676838	1.3227217678
0.2356178089	1.3181698862
0.2358679340	1.3136406566
0.2361180590	1.3089952702
0.2363681841	1.3044337287
0.2366183092	1.2999138517
0.2368684342	1.2953998027
0.2371185593	1.2908970676
0.2373686843	1.2863222045
0.2376188094	1.2818058618
0.2378689345	1.2773066961
0.2381190595	1.2726941502
0.2383691846	1.2681743888
0.2386193097	1.2636849764
0.2388694347	1.2592029442
0.2391195598	1.2546758726
0.2393696848	1.2501887186
0.2396198099	1.2457196743
0.2398699350	1.2412568503
0.2401200600	1.2367076815
0.2403701851	1.2322281457
0.2406203102	1.2277706840
0.2408704352	1.2231995804
0.2411205603	1.2187108214
0.2413706853	1.2142604127
0.2416208104	1.2098191888
0.2418709355	1.2053179473
0.2421210605	1.2008701164
0.2423711856	1.1964403399
0.2426213107	1.1919021913
0.2428714357	1.1874555549
0.2431215608	1.1830364726
0.2433716858	1.1786256269
0.2436218109	1.1742195046
0.2438719360	1.1697596638
0.2441220610	1.1653509668
0.2443721861	1.1609563545
0.2446223112	1.1564794615
0.2448724362	1.1520741685
0.2451225613	1.1476872514
0.2453726863	1.1431880284
0.2456228114	1.1387713828
0.2458729365	1.1343942311
0.2461230615	1.1300250209
0.2463731866	1.1255944615
0.2466233117	1.1211201913
0.2468734367	1.1167650889
0.2471235618	1.1124160930
0.2473736868	1.1079561274
0.2476238119	1.1035861812
0.2478739370	1.0992460567
0.2481240620	1.0949128235
0.2483741871	1.0905262172
0.2486243122	1.0861938614
0.2488744372	1.0818749405
0.2491245623	1.0774752551
0.2493746873	1.0731434074
0.2496248124	1.0688335077
0.2498749375	1.0645319095
0.2501250625	1.0601192522
0.2503751876	1.0557836627
0.2506253127	1.0514860539
0.2508754377	1.0471998808
0.2511255628	1.0428552204
0.2513756878	1.0385607952
0.2516258129	1.0342859675
0.2518759380	1.0299063130
0.2521260630	1.0256140404
0.2523761881	1.0213528593
0.2526263132	1.0170977224
0.2528764382	1.0127999752
0.2531265633	1.0085422855
0.2533766883	1.0043012983
0.2536268134	1.0000675432
0.2538769385	0.9957540220
0.2541270635	0.9915091073
0.2543771886	0.9872815987
0.2546273137	0.9829493321
0.2548774387	0.9786954760
0.2551275638	0.9744804606
0.2553776888	0.9702732790
0.2556278139	0.9660089538
0.2558779390	0.9618007052
0.2561280640	0.9576064397
0.2563781891	0.9533095833
0.2566283142	0.9491008307
0.2568784392	0.9449169810
0.2571285643	0.9407463686
0.2573786893	0.9365818142
0.2576288144	0.9323721226
0.2578789395	0.9282038129
0.2581290645	0.9240495289
0.2583791896	0.9198220048
0.2586293147	0.9156563047
0.2588794397	0.9115144487
0.2591295648	0.9072680644
0.2593796898	0.9030999975
0.2596298149	0.8989707220
0.2598799400	0.8948500148
0.2601300650	0.8906692575
0.2603801901	0.8865431269
0.2606303152	0.8824343226
0.2608804402	0.8783366532
0.2611305653	0.8741320124
0.2613806903	0.8700137998
0.2616308154	0.8659233772
0.2618809405	0.8618394937
0.2621310655	0.8577151399
0.2623811906	0.8536351250
0.2626313157	0.8495692382
0.2628814407	0.8453317150
0.2631315658	0.8412583633
0.2633816908	0.8372018234
0.2636318159	0.8331592856
0.2638819410	0.8290109534
0.2641320660	0.8249357195
0.2643821911	0.8209015209
0.2646323162	0.8168696745
0.2648824412	0.8127922736
0.2651325663	0.8087623693
0.2653826913	0.8047477358
0.2656328164	0.8006384478
0.2658829415	0.7966117879
0.2661330665	0.7926129111
0.2663831916	0.7886270442
0.2666333167	0.7845966078
0.2668834417	0.7806100266
0.2671335668	0.7766362928
0.2673836918	0.7726714681
0.2676338169	0.7686323567
0.2678839420	0.7646598284
0.2681340670	0.7607042265
0.2683841921	0.7566526350
0.2686343172	0.7526758397
0.2688844422	0.7487348628
0.2691345673	0.7448020162
0.2693846923	0.7408198081
0.2696348174	0.7368864759
0.2698849425	0.7329720511
0.2701350675	0.7289607618
0.2703851926	0.7250338527
0.2706353177	0.7211323682
0.2708854427	0.7172434222
0.2711355678	0.7133604431
0.2713856928	0.7094370398
0.2716358179	0.7055538097
0.2718859430	0.7016836320
0.2721360680	0.6977463391
0.2723861931	0.6938721384
0.2726363182	0.6900149222
0.2728864432	0.6860670500
0.2731365683	0.6821911560
0.2733866933	0.6783510126
0.2736368184	0.6745228394
0.2738869435	0.6707020720
0.2741370685	0.6668248929
0.2743871936	0.6629985602
0.2746373187	0.6591906289
0.2748874437	0.6552915031
0.2751375688	0.6514730884
0.2753876938	0.6476798233
0.2756378189	0.6438971817
0.2758879440	0.6400757115
0.2761380690	0.6362955726
0.2763881941	0.6325308941
0.2766383192	0.6286029496
0.2768884442	0.6248350647
0.2771385693	0.6210867588
0.2773886943	0.6173459443
0.2776388194	0.6135128236
0.2778889445	0.6097492336
0.2781390695	0.6060223275
0.2783891946	0.6023051181
0.2786393197	0.5985418457
0.2788894447	0.5948258978
0.2791395698	0.5911285077
0.2793896948	0.5873427687
0.2796398199	0.5836340636
0.2798899450	0.5799503953
0.2801400700	0.5762815382
0.2803901951	0.5725753347
0.2806403202	0.5689088737
0.2808904452	0.5652575473
0.2811405703	0.5616143434
0.2813906953	0.5579074058
0.2816408204	0.5542575595
0.2818909455	0.5506336653
0.2821410705	0.5469142568
0.2823911956	0.5432689814
0.2826413207	0.5396591995
0.2828914457	0.5360580454
0.2831415708	0.5324136197
0.2833916958	0.5288142680
0.2836418209	0.5252353337
0.2838919460	0.5215690448
0.2841420710	0.5179806218
0.2843921961	0.5144180413
0.2846423212	0.5108656309
0.2848924462	0.5073221701
0.2851425713	0.5037417555
0.2853926963	0.5002039813
0.2856428214	0.4966809212
0.2858929465	0.4930951301
0.2861430715	0.4895669763
0.2863931966	0.4860606506
0.2866433217	0.4824698349
0.2868934467	0.4789472695
0.2871435718	0.4754605925
0.2873936968	0.4719805845
0.2876438219	0.4685168181
0.2878939470	0.4650011650
0.2881440720	0.4615349456
0.2883941971	0.4579940145
0.2886443222	0.4544602362
0.2888944472	0.4510077666
0.2891445723	0.4475782518
0.2893946973	0.4441607569
0.2896448224	0.4407131828
0.2898949475	0.4373033053
0.2901450725	0.4339049016
0.2903951976	0.4304528080
0.2906453227	0.4270566495
0.2908954477	0.4236844414
0.2911455728	0.4203186947
0.2913956978	0.4168751143
0.2916458229	0.4134944170
0.2918959480	0.4101471639
0.2921460730	0.4068122218
0.2923961981	0.4034359314
0.2926463232	0.4001075068
0.2928964482	0.3967971031
0.2931465733	0.3934077570
0.2933966983	0.3900918973
0.2936468234	0.3868032638
0.2938969485	0.3835244382
0.2941470735	0.3802154462
0.2943971986	0.3769468093
0.2946473237	0.3736939100
0.2948974487	0.3704467022
0.2951475738	0.3671495063
0.2953976988	0.3639040320
0.2956478239	0.3606794684
0.2958979490	0.3573788638
0.2961480740	0.3541417128
0.2963981991	0.3509430788
0.2966483242	0.3477518176
0.2968984492	0.3445240228
0.2971485743	0.3413402657
0.2973986993	0.3381739782
0.2976488244	0.3350191518
0.2978989495	0.3317902074
0.2981490745	0.3286305387
0.2983991996	0.3254086535
0.2986493247	0.3222878601
0.2988994497	0.3191400389
0.2991495748	0.3160284370
0.2993996998	0.3129339294
0.2996498249	0.3097896365
0.2998999500	0.3066983251
0.3001500750	0.3036287043
0.3004002001	0.3004912449
0.3006503252	0.2974130870
0.3009004502	0.2943703535
0.3011505753	0.2913416615
0.3014007004	0.2883217306
0.3016508254	0.2852670409
0.3019009505	0.2822564134
0.3021510755	0.2792631459
0.3024012006	0.2762025973
0.3026513257	0.2732092072
0.3029014507	0.2702425216
0.3031515758	0.2672892600
0.3034017009	0.2643076864
0.3036518259	0.2613660531
0.3039019510	0.2584415057
0.3041520760	0.2554706988
0.3044022011	0.2525509054
0.3046523262	0.2496540517
0.3049024512	0.2467682444
0.3051525763	0.2438168272
0.3054027014	0.2409221727
0.3056528264	0.2380630873
0.3059029515	0.2352153259
0.3061530765	0.2323360052
0.3064032016	0.2295007710
0.3066533267	0.2266841442
0.3069034517	0.2237195934
0.3071535768	0.2209057917
0.3074037019	0.2181201201
0.3076538269	0.2153473867
0.3079039520	0.2125518915
0.3081540770	0.2097936724
0.3084042021	0.2070551778
0.3086543272	0.2043285459
0.3089044522	0.2015585063
0.3091545773	0.1988385330
0.3094047024	0.1961415207
0.3096548274	0.1933866676
0.3099049525	0.1906894490
0.3101550775	0.1880227888
0.3104052026	0.1853715723
0.3106553277	0.1826936898
0.3109054527	0.1800616041
0.3111555778	0.1774447608
0.3114057029	0.1748432295
0.3116558279	0.1721827281
0.3119059530	0.1695859455
0.3121560780	0.1670128931
0.3124062031	0.1644576809
0.3126563282	0.1618832617
0.3129064532	0.1593450518
0.3131565783	0.1568235754
0.3134067034	0.1542660522
0.3136568284	0.1517581166
0.3139069535	0.1491879364
0.3141570785	0.1466493227
0.3144072036	0.1441662975
0.3146573287	0.1417199449
0.3149074537	0.1392859795
0.3151575788	0.1368723019
0.3154077039	0.1344310896
0.3156578289	0.1320311069
0.3159079540	0.1296523287
0.3161580790	0.1272259765
0.3164082041	0.1248598440
0.3166583292	0.1225208541
0.3169084542	0.1202011674
0.3171585793	0.1178656445
0.3174087044	0.1155647028
0.3176588294	0.1132831219
0.3179089545	0.1109739902
0.3181590795	0.1087127526
0.3184092046	0.1064736816
0.3186593297	0.1042521807
0.3189094547	0.1019844400
0.3191595798	0.0997686644
0.3194097049	0.0975887657
0.3196598299	0.0954214740
0.3199099550	0.0931624370
0.3201600800	0.0910216822
0.3204102051	0.0889019057
0.3206603302	0.0867463317
0.3209104552	0.0846480479
0.3211605803	0.0825774515
0.3214107054	0.0805257405
0.3216608304	0.0784928473
0.3219109555	0.0764516105
0.3221610805	0.0744485647
0.3224112056	0.0724623970
0.3226613307	0.0704580709
0.3229114557	0.0684992756
0.3231615808	0.0665690418
0.3234117059	0.0646027648
0.3236618309	0.0626879326
0.3239119560	0.0608061290
0.3241620810	0.0589456348
0.3244122061	0.0570766003
0.3246623312	0.0552444751
0.3249124562	0.0533576805
0.3251625813	0.0515727946
0.3254127064	0.0497633358
0.3256628314	0.0480084927
0.3259129565	0.0462824370
0.3261630815	0.0445811508
0.3264132066	0.0428805774
0.3266633317	0.0412183764
0.3269134567	0.0395806386
0.3271635818	0.0379350808
0.3274137069	0.0363326449
0.3276638319	0.0347600381
0.3279139570	0.0331683023
0.3281640820	0.0316269809
0.3284142071	0.0301219159
0.3286643322	0.0285663803
0.3289144572	0.0271125891
0.3291645823	0.0256614793
0.3294147074	0.0242548271
0.3296648324	0.0228819675
0.3299149575	0.0214981645
0.3301650825	0.0201693917
0.3304152076	0.0188789050
0.3306653327	0.0176150077
0.3309154577	0.0163650810
0.3311655828	0.0151588504
0.3314157079	0.0139824691
0.3316658329	0.0127638437
0.3319159580	0.0116303602
0.3321660830	0.0105511597
0.3324162081	0.0095150950
0.3326663332	0.0084896429
0.3329164582	0.0075209765
0.3331665833	0.0065977869
0.3334167084	0.0057207098
0.3336668334	0.0048672732
0.3339169585	0.0040008565
0.3341670835	0.0032605017
0.3344172086	0.0025641043
0.3346673337	0.0019405325
0.3349174587	0.0010807635
0.3351675838	0.0004191384
0.3354177089	0.0000000000
0.3356678339	0.0000000000
0.3359179590	0.0000000000
0.3361680840	0.0000000000
0.3364182091	0.0000000000
0.3366683342	0.0000000000
0.3369184592	0.0000000000
0.3371685843	0.0000000000
0.3374187094	0.0000000000
0.3376688344	0.0000000000
0.3379189595	0.0000000000
0.3381690845	0.0000000000
0.3384192096	0.0000000000
0.3386693347	0.0000000000
0.3389194597	0.0000000000
0.3391695848	0.0000000000
0.3394197099	0.0000000000
0.3396698349	0.0000000000
0.3399199600	0.0000000000
0.3401700850	0.0000000000
0.3404202101	0.0000000000
0.3406703352	0.0000000000
0.3409204602	0.0000000000
0.3411705853	0.0000000000
0.3414207104	0.0000000000
0.3416708354	0.0000000000
0.3419209605	0.0000000000
0.3421710855	0.0000000000
0.3424212106	0.0000000000
0.3426713357	0.0000000000
0.3429214607	0.0000000000
0.3431715858	0.0000000000
0.3434217109	0.0000000000
0.3436718359	0.0000000000
0.3439219610	0.0000000000
0.3441720860	0.0000000000
0.3444222111	0.0000000000
0.3446723362	0.0000000000
0.3449224612	0.0000000000
0.3451725863	0.0000000000
0.3454227114	0.0000000000
0.3456728364	0.0000000000
0.3459229615	0.0000000000
0.3461730865	0.0000000000
0.3464232116	0.0000000000
0.3466733367	0.0000000000
0.3469234617	0.0000000000
0.3471735868	0.0000000000
0.3474237119	0.0000000000
0.3476738369	0.0000000000
0.3479239620	0.0000000000
0.3481740870	0.0000000000
0.3484242121	0.0000000000
0.3486743372	0.0000000000
0.3489244622	0.0000000000
0.3491745873	0.0000000000
0.3494247124	0.0000000000
0.3496748374	0.0000000000
0.3499249625	0.0000000000
0.3501750875	0.0000000000
0.3504252126	0.0000000000
0.3506753377	0.0000000000
0.3509254627	0.0000000000
0.3511755878	0.0000000000
0.3514257129	0.0000000000
0.3516758379	0.0000000000
0.3519259630	0.0000000000
0.3521760880	0.0000000000
0.3524262131	0.0000000000
0.3526763382	0.0000000000
0.3529264632	0.0000000000
0.3531765883	0.0000000000
0.3534267134	0.0000000000
0.3536768384	0.0000000000
0.3539269635	0.0000000000
0.3541770885	0.0000000000
0.3544272136	0.0000000000
0.3546773387	0.0000000000
0.3549274637	0.0000000000
0.3551775888	0.0000000000
0.3554277139	0.0000000000
0.3556778389	0.0000000000
0.3559279640	0.0000000000
0.3561780890	0.0000000000
0.3564282141	0.0000000000
0.3566783392	0.0000000000
0.3569284642	0.0000000000
0.3571785893	0.0000000000
0.3574287144	0.0000000000
0.3576788394	0.0000000000
0.3579289645	0.0000000000
0.3581790895	0.0000000000
0.3584292146	0.0000000000
0.3586793397	0.0000000000
0.3589294647	0.0000000000
0.3591795898	0.0000000000
0.3594297149	0.0000000000
0.3596798399	0.0000000000
0.3599299650	0.0000000000
0.3601800900	0.0000000000
0.3604302151	0.0000000000
0.3606803402	0.0000000000
0.3609304652	0.0000000000
0.3611805903	0.0000000000
0.3614307154	0.0000000000
0.3616808404	0.0000000000
0.3619309655	0.0000000000
0.3621810905	0.0000000000
0.3624312156	0.0000000000
0.3626813407	0.0000000000
0.3629314657	0.0000000000
0.3631815908	0.0000000000
0.3634317159	0.0000000000
0.3636818409	0.0000000000
0.3639319660	0.0000000000
0.3641820910	0.0000000000
0.3644322161	0.0000000000
0.3646823412	0.0000000000
0.3649324662	0.0000000000
0.3651825913	0.0000000000
0.3654327164	0.0000000000
0.3656828414	0.0000000000
0.3659329665	0.0000000000
0.3661830915	0.0000000000
0.3664332166	0.0000000000
0.3666833417	0.0000000000
0.3669334667	0.0000000000
0.3671835918	0.0000000000
0.3674337169	0.0000000000
0.3676838419	0.0000000000
0.3679339670	0.0000000000
0.3681840920	0.0000000000
0.3684342171	0.0000000000
0.3686843422	0.0000000000
0.3689344672	0.0000000000
0.3691845923	0.0000000000
0.3694347174	0.0000000000
0.3696848424	0.0000000000
0.3699349675	0.0000000000
0.3701850925	0.0000000000
0.3704352176	0.0000000000
0.3706853427	0.0000000000
0.3709354677	0.0000000000
0.3711855928	0.0000000000
0.3714357179	0.0000000000
0.3716858429	0.0000000000
0.3719359680	0.0000000000
0.3721860930	0.0000000000
0.3724362181	0.0000000000
0.3726863432	0.0000000000
0.3729364682	0.0000000000
0.3731865933	0.0000000000
0.3734367184	0.0000000000
0.3736868434	0.0000000000
0.3739369685	0.0000000000
0.3741870935	0.0000000000
0.3744372186	0.0000000000
0.3746873437	0.0000000000
0.3749374687	0.0000000000
0.3751875938	0.0000000000
0.3754377189	0.0000000000
0.3756878439	0.0000000000
0.3759379690	0.0000000000
0.3761880940	0.0000000000
0.3764382191	0.0000000000
0.3766883442	0.0000000000
0.3769384692	0.0000000000
0.3771885943	0.0000000000
0.3774387194	0.0000000000
0.3776888444	0.0000000000
0.3779389695	0.0000000000
0.3781890945	0.0000000000
0.3784392196	0.0000000000
0.3786893447	0.0000000000
0.3789394697	0.0000000000
0.3791895948	0.0000000000
0.3794397199	0.0000000000
0.3796898449	0.0000000000
0.3799399700	0.0000000000
0.3801900950	0.0000000000
0.3804402201	0.0000000000
0.3806903452	0.0000000000
0.3809404702	0.0000000000
0.3811905953	0.0000000000
0.3814407204	0.0000000000
0.3816908454	0.0000000000
0.3819409705	0.0000000000
0.3821910955	0.0000000000
0.3824412206	0.0000000000
0.3826913457	0.0000000000
0.3829414707	0.0000000000
0.3831915958	0.0000000000
0.3834417209	0.0000000000
0.3836918459	0.0000000000
0.3839419710	0.0000000000
0.3841920960	0.0000000000
0.3844422211	0.0000000000
0.3846923462	0.0000000000
0.3849424712	0.0000000000
0.3851925963	0.0000000000
0.3854427214	0.0000000000
0.3856928464	0.0000000000
0.3859429715	0.0000000000
0.3861930965	0.0000000000
0.3864432216	0.0000000000
0.3866933467	0.0000000000
0.3869434717	0.0000000000
0.3871935968	0.0000000000
0.3874437219	0.0000000000
0.3876938469	0.0000000000
0.3879439720	0.0000000000
0.3881940970	0.0000000000
0.3884442221	0.0000000000
0.3886943472	0.0000000000
0.3889444722	0.0000000000
0.3891945973	0.0000000000
0.3894447224	0.0000000000
0.3896948474	0.0000000000
0.3899449725	0.0000000000
0.3901950975	0.0000000000
0.3904452226	0.0000000000
0.3906953477	0.0000000000
0.3909454727	0.0000000000
0.3911955978	0.0000000000
0.3914457229	0.0000000000
0.3916958479	0.0000000000
0.3919459730	0.0000000000
0.3921960980	0.0000000000
0.3924462231	0.0000000000
0.3926963482	0.0000000000
0.3929464732	0.0000000000
0.3931965983	0.0000000000
0.3934467234	0.0000000000
0.3936968484	0.0000000000
0.3939469735	0.0000000000
0.3941970985	0.0000000000
0.3944472236	0.0000000000
0.3946973487	0.0000000000
0.3949474737	0.0000000000
0.3951975988	0.0000000000
0.3954477239	0.0000000000
0.3956978489	0.0000000000
0.3959479740	0.0000000000
0.3961980990	0.0000000000
0.3964482241	0.0000000000
0.3966983492	0.0000000000
0.3969484742	0.0000000000
0.3971985993	0.0000000000
0.3974487244	0.0000000000
0.3976988494	0.0000000000
0.3979489745	0.0000000000
0.3981990995	0.0000000000
0.3984492246	0.0000000000
0.3986993497	0.0000000000
0.3989494747	0.0000000000
0.3991995998	0.0000000000
0.3994497249	0.0000000000
0.3996998499	0.0000000000
0.3999499750	0.0000000000
0.4002001001	0.0000000000
0.4004502251	0.0000000000
0.4007003502	0.0000000000
0.4009504752	0.0000000000
0.4012006003	0.0000000000
0.4014507254	0.0000000000
0.4017008504	0.0000000000
0.4019509755	0.0000000000
0.4022011006	0.0000000000
0.4024512256	0.0000000000
0.4027013507	0.0000000000
0.4029514757	0.0000000000
0.4032016008	0.0000000000
0.4034517259	0.0000000000
0.4037018509	0.0000000000
0.4039519760	0.0000000000
0.4042021011	0.0000000000
0.4044522261	0.0000000000
0.4047023512	0.0000000000
0.4049524762	0.0000000000
0.4052026013	0.0000000000
0.4054527264	0.0000000000
0.4057028514	0.0000000000
0.4059529765	0.0000000000
0.4062031016	0.0000000000
0.4064532266	0.0000000000
0.4067033517	0.0000000000
0.4069534767	0.0000000000
0.4072036018	0.0000000000
0.4074537269	0.0000000000
0.4077038519	0.0000000000
0.4079539770	0.0000000000
0.4082041021	0.0000000000
0.4084542271	0.0000000000
0.4087043522	0.0000000000
0.4089544772	0.0000000000
0.4092046023	0.0000000000
0.4094547274	0.0000000000
0.4097048524	0.0000000000
0.4099549775	0.0000000000
0.4102051026	0.0000000000
0.4104552276	0.0000000000
0.4107053527	0.0000000000
0.4109554777	0.0000000000
0.4112056028	0.0000000000
0.4114557279	0.0000000000
0.4117058529	0.0000000000
0.4119559780	0.0000000000
0.4122061031	0.0000000000
0.4124562281	0.0000000000
0.4127063532	0.0000000000
0.4129564782	0.0000000000
0.4132066033	0.0000000000
0.4134567284	0.0000000000
0.4137068534	0.0000000000
0.4139569785	0.0000000000
0.4142071036	0.0000000000
0.4144572286	0.0000000000
0.4147073537	0.0000000000
0.4149574787	0.0000000000
0.4152076038	0.0000000000
0.4154577289	0.0000000000
0.4157078539	0.0000000000
0.4159579790	0.0000000000
0.4162081041	0.0000000000
0.4164582291	0.0000000000
0.4167083542	0.0000000000
0.4169584792	0.0000000000
0.4172086043	0.0000000000
0.4174587294	0.0000000000
0.4177088544	0.0000000000
0.4179589795	0.0000000000
0.4182091046	0.0000000000
0.4184592296	0.0000000000
0.4187093547	0.0000000000
0.4189594797	0.0000000000
0.4192096048	0.0000000000
0.4194597299	0.0000000000
0.4197098549	0.0000000000
0.4199599800	0.0000000000
0.4202101051	0.0000000000
0.4204602301	0.0000000000
0.4207103552	0.0000000000
0.4209604802	0.0000000000
0.4212106053	0.0000000000
0.4214607304	0.0000000000
0.4217108554	0.0000000000
0.4219609805	0.0000000000
0.4222111056	0.0000000000
0.4224612306	0.0000000000
0.4227113557	0.0000000000
0.4229614807	0.0000000000
0.4232116058	0.0000000000
0.4234617309	0.0000000000
0.4237118559	0.0000000000
0.4239619810	0.0000000000
0.4242121061	0.0000000000
0.4244622311	0.0000000000
0.4247123562	0.0000000000
0.4249624812	0.0000000000
0.4252126063	0.0000000000
0.4254627314	0.0000000000
0.4257128564	0.0000000000
0.4259629815	0.0000000000
0.4262131066	0.0000000000
0.4264632316	0.0000000000
0.4267133567	0.0000000000
0.4269634817	0.0000000000
0.4272136068	0.0000000000
0.4274637319	0.0000000000
0.4277138569	0.0000000000
0.4279639820	0.0000000000
0.4282141071	0.0000000000
0.4284642321	0.0000000000
0.4287143572	0.0000000000
0.4289644822	0.0000000000
0.4292146073	0.0000000000
0.4294647324	0.0000000000
0.4297148574	0.0000000000
0.4299649825	0.0000000000
0.4302151076	0.0000000000
0.4304652326	0.0000000000
0.4307153577	0.0000000000
0.4309654827	0.0000000000
0.4312156078	0.0000000000
0.4314657329	0.0000000000
0.4317158579	0.0000000000
0.4319659830	0.0000000000
0.4322161081	0.0000000000
0.4324662331	0.0000000000
0.4327163582	0.0000000000
0.4329664832	0.0000000000
0.4332166083	0.0000000000
0.4334667334	0.0000000000
0.4337168584	0.0000000000
0.4339669835	0.0000000000
0.4342171086	0.0000000000
0.4344672336	0.0000000000
0.4347173587	0.0000000000
0.4349674837	0.0000000000
0.4352176088	0.0000000000
0.4354677339	0.0000000000
0.4357178589	0.0000000000
0.4359679840	0.0000000000
0.4362181091	0.0000000000
0.4364682341	0.0000000000
0.4367183592	0.0000000000
0.4369684842	0.0000000000
0.4372186093	0.0000000000
0.4374687344	0.0000000000
0.4377188594	0.0000000000
0.4379689845	0.0000000000
0.4382191096	0.0000000000
0.4384692346	0.0000000000
0.4387193597	0.0000000000
0.4389694847	0.0000000000
0.4392196098	0.0000000000
0.4394697349	0.0000000000
0.4397198599	0.0000000000
0.4399699850	0.0000000000
0.4402201101	0.0000000000
0.4404702351	0.0000000000
0.4407203602	0.0000000000
0.4409704852	0.0000000000
0.4412206103	0.0000000000
0.4414707354	0.0000000000
0.4417208604	0.0000000000
0.4419709855	0.0000000000
0.4422211106	0.0000000000
0.4424712356	0.0000000000
0.4427213607	0.0000000000
0.4429714857	0.0000000000
0.4432216108	0.0000000000
0.4434717359	0.0000000000
0.4437218609	0.0000000000
0.4439719860	0.0000000000
0.4442221111	0.0000000000
0.4444722361	0.0000000000
0.4447223612	0.0000000000
0.4449724862	0.0000000000
0.4452226113	0.0000000000
0.4454727364	0.0000000000
0.4457228614	0.0000000000
0.4459729865	0.0000000000
0.4462231116	0.0000000000
0.4464732366	0.0000000000
0.4467233617	0.0000000000
0.4469734867	0.0000000000
0.4472236118	0.0000000000
0.4474737369	0.0000000000
0.4477238619	0.0000000000
0.4479739870	0.0000000000
0.4482241121	0.0000000000
0.4484742371	0.0000000000
0.4487243622	0.0000000000
0.4489744872	0.0000000000
0.4492246123	0.0000000000
0.4494747374	0.0000000000
0.4497248624	0.0000000000
0.4499749875	0.0000000000
0.4502251126	0.0000000000
0.4504752376	0.0000000000
0.4507253627	0.0000000000
0.4509754877	0.0000000000
0.4512256128	0.0000000000
0.4514757379	0.0000000000
0.4517258629	0.0000000000
0.4519759880	0.0000000000
0.4522261131	0.0000000000
0.4524762381	0.0000000000
0.4527263632	0.0000000000
0.4529764882	0.0000000000
0.4532266133	0.0000000000
0.4534767384	0.0000000000
0.4537268634	0.0000000000
0.4539769885	0.0000000000
0.4542271136	0.0000000000
0.4544772386	0.0000000000
0.4547273637	0.0000000000
0.4549774887	0.0000000000
0.4552276138	0.0000000000
0.4554777389	0.0000000000
0.4557278639	0.0000000000
0.4559779890	0.0000000000
0.4562281141	0.0000000000
0.4564782391	0.0000000000
0.4567283642	0.0000000000
0.4569784892	0.0000000000
0.4572286143	0.0000000000
0.4574787394	0.0000000000
0.4577288644	0.0000000000
0.4579789895	0.0000000000
0.4582291146	0.0000000000
0.4584792396	0.0000000000
0.4587293647	0.0000000000
0.4589794897	0.0000000000
0.4592296148	0.0000000000
0.4594797399	0.0000000000
0.4597298649	0.0000000000
0.4599799900	0.0000000000
0.4602301151	0.0000000000
0.4604802401	0.0000000000
0.4607303652	0.0000000000
0.4609804902	0.0000000000
0.4612306153	0.0000000000
0.4614807404	0.0000000000
0.4617308654	0.0000000000
0.4619809905	0.0000000000
0.4622311156	0.0000000000
0.4624812406	0.0000000000
0.4627313657	0.0000000000
0.4629814907	0.0000000000
0.4632316158	0.0000000000
0.4634817409	0.0000000000
0.4637318659	0.0000000000
0.4639819910	0.0000000000
0.4642321161	0.0000000000
0.4644822411	0.0000000000
0.4647323662	0.0000000000
0.4649824912	0.0000000000
0.4652326163	0.0000000000
0.4654827414	0.0000000000
0.4657328664	0.0000000000
0.4659829915	0.0000000000
0.4662331166	0.0000000000
0.4664832416	0.0000000000
0.4667333667	0.0000000000
0.4669834917	0.0000000000
0.4672336168	0.0000000000
0.4674837419	0.0000000000
0.4677338669	0.0000000000
0.4679839920	0.0000000000
0.4682341171	0.0000000000
0.4684842421	0.0000000000
0.4687343672	0.0000000000
0.4689844922	0.0000000000
0.4692346173	0.0000000000
0.4694847424	0.0000000000
0.4697348674	0.0000000000
0.4699849925	0.0000000000
0.4702351176	0.0000000000
0.4704852426	0.0000000000
0.4707353677	0.0000000000
0.4709854927	0.0000000000
0.4712356178	0.0000000000
0.4714857429	0.0000000000
0.4717358679	0.0000000000
0.4719859930	0.0000000000
0.4722361181	0.0000000000
0.4724862431	0.0000000000
0.4727363682	0.0000000000
0.4729864932	0.0000000000
0.4732366183	0.0000000000
0.4734867434	0.0000000000
0.4737368684	0.0000000000
0.4739869935	0.0000000000
0.4742371186	0.0000000000
0.4744872436	0.0000000000
0.4747373687	0.0000000000
0.4749874937	0.0000000000
0.4752376188	0.0000000000
0.4754877439	0.0000000000
0.4757378689	0.0000000000
0.4759879940	0.0000000000
0.4762381191	0.0000000000
0.4764882441	0.0000000000
0.4767383692	0.0000000000
0.4769884942	0.0000000000
0.4772386193	0.0000000000
0.4774887444	0.0000000000
0.4777388694	0.0000000000
0.4779889945	0.0000000000
0.4782391196	0.0000000000
0.4784892446	0.0000000000
0.4787393697	0.0000000000
0.4789894947	0.0000000000
0.4792396198	0.0000000000
0.4794897449	0.0000000000
0.4797398699	0.0000000000
0.4799899950	0.0000000000
0.4802401201	0.0000000000
0.4804902451	0.0000000000
0.4807403702	0.0000000000
0.4809904952	0.0000000000
0.4812406203	0.0000000000
0.4814907454	0.0000000000
0.4817408704	0.0000000000
0.4819909955	0.0000000000
0.4822411206	0.0000000000
0.4824912456	0.0000000000
0.4827413707	0.0000000000
0.4829914957	0.0000000000
0.4832416208	0.0000000000
0.4834917459	0.0000000000
0.4837418709	0.0000000000
0.4839919960	0.0000000000
0.4842421211	0.0000000000
0.4844922461	0.0000000000
0.4847423712	0.0000000000
0.4849924962	0.0000000000
0.4852426213	0.0000000000
0.4854927464	0.0000000000
0.4857428714	0.0000000000
0.4859929965	0.0000000000
0.4862431216	0.0000000000
0.4864932466	0.0000000000
0.4867433717	0.0000000000
0.4869934967	0.0000000000
0.4872436218	0.0000000000
0.4874937469	0.0000000000
0.4877438719	0.0000000000
0.4879939970	0.0000000000
0.4882441221	0.0000000000
0.4884942471	0.0000000000
0.4887443722	0.0000000000
0.4889944972	0.0000000000
0.4892446223	0.0000000000
0.4894947474	0.0000000000
0.4897448724	0.0000000000
0.4899949975	0.0000000000
0.4902451226	0.0000000000
0.4904952476	0.0000000000
0.4907453727	0.0000000000
0.4909954977	0.0000000000
0.4912456228	0.0000000000
0.4914957479	0.0000000000
0.4917458729	0.0000000000
0.4919959980	0.0000000000
0.4922461231	0.0000000000
0.4924962481	0.0000000000
0.4927463732	0.0000000000
0.4929964982	0.0000000000
0.4932466233	0.0000000000
0.4934967484	0.0000000000
0.4937468734	0.0000000000
0.4939969985	0.0000000000
0.4942471236	0.0000000000
0.4944972486	0.0000000000
0.4947473737	0.0000000000
0.4949974987	0.0000000000
0.4952476238	0.0000000000
0.4954977489	0.0000000000
0.4957478739	0.0000000000
0.4959979990	0.0000000000
0.4962481241	0.0000000000
0.4964982491	0.0000000000
0.4967483742	0.0000000000
0.4969984992	0.0000000000
0.4972486243	0.0000000000
0.4974987494	0.0000000000
0.4977488744	0.0000000000
0.4979989995	0.0000000000
0.4982491246	0.0000000000
0.4984992496	0.0000000000
0.4987493747	0.0000000000
0.4989994997	0.0000000000
0.4992496248	0.0000000000
0.4994997499	0.0000000000
0.4997498749	0.0000000000
0.5000000000	0.0000000000
