0.0000000000	16.6340735694
0.0002501251	16.6250017890
0.0005002501	16.6129322191
0.0007503752	16.6008506078
0.0010005003	16.5917894075
0.0012506253	16.5797117093
0.0015007504	16.5706406844
0.0017508754	16.5585703005
0.0020010005	16.5464939703
0.0022511256	16.5374268437
0.0025012506	16.5253577891
0.0027513757	16.5132878760
0.0030015008	16.5042282117
0.0032516258	16.4921520689
0.0035017509	16.4830831394
0.0037518759	16.4710225190
0.0040020010	16.4589514855
0.0042521261	16.4498879967
0.0045022511	16.4378243974
0.0047523762	16.4257525215
0.0050025013	16.4166999094
0.0052526263	16.4046334607
0.0055027514	16.3955716753
0.0057528764	16.3835131826
0.0060030015	16.3714426183
0.0062531266	16.3623864336
0.0065032516	16.3503294171
0.0067533767	16.3382648761
0.0070035018	16.3292139796
0.0072536268	16.3171524799
0.0075037519	16.3080914612
0.0077538769	16.2960370095
0.0080040020	16.2839759699
0.0082541271	16.2749202706
0.0085042521	16.2628678223
0.0087543772	16.2508105380
0.0090045023	16.2417513120
0.0092546273	16.2297058479
0.0095047524	16.2206515772
0.0097548774	16.2086026840
0.0100050025	16.1965476452
0.0102551276	16.1874956372
0.0105052526	16.1754480197
0.0107553777	16.1633919557
0.0110055028	16.1543416981
0.0112556278	16.1422968572
0.0115057529	16.1302460529
0.0117558779	16.1212062109
0.0120060030	16.1091531404
0.0122561281	16.1001069287
0.0125062531	16.0880642384
0.0127563782	16.0760161571
0.0130065033	16.0669681760
0.0132566283	16.0549293789
0.0135067534	16.0428817169
0.0137568784	16.0338462273
0.0140070035	16.0218014852
0.0142571286	16.0127589542
0.0145072536	16.0007251157
0.0147573787	15.9886793069
0.0150075038	15.9796338771
0.0152576288	15.9676022195
0.0155077539	15.9555580488
0.0157578789	15.9465282824
0.0160080040	15.9344858809
0.0162581291	15.9254455442
0.0165082541	15.9134188656
0.0167583792	15.9013771815
0.0170085043	15.8923389033
0.0172586293	15.8803107080
0.0175087544	15.8682712832
0.0177588794	15.8592494296
0.0180090045	15.8472150123
0.0182591296	15.8381757848
0.0185092546	15.8261533212
0.0187593797	15.8141178543
0.0190095048	15.8050816804
0.0192596298	15.7930616422
0.0195097549	15.7810300748
0.0197598799	15.7719964750
0.0200100050	15.7599768932
0.0202601301	15.7509429306
0.0205102551	15.7389289158
0.0207603802	15.7269009213
0.0210105053	15.7178679278
0.0212606303	15.7058493908
0.0215107554	15.6938248719
0.0217608804	15.6847957524
0.0220110055	15.6727804819
0.0222611306	15.6607609237
0.0225112556	15.6517417086
0.0227613807	15.6397164775
0.0230115058	15.6306956007
0.0232616308	15.6186788589
0.0235117559	15.6066597548
0.0237618809	15.5976344540
0.0240120060	15.5856246279
0.0242621311	15.5736091627
0.0245122561	15.5645963665
0.0247623812	15.5525777300
0.0250125063	15.5435545171
0.0252626313	15.5315449488
0.0255127564	15.5195336016
0.0257628814	15.5105172776
0.0260130065	15.4985113705
0.0262631316	15.4864983453
0.0265132566	15.4774887784
0.0267633817	15.4654767254
0.0270135068	15.4564586957
0.0272636318	15.4444569282
0.0275137569	15.4324510761
0.0277638819	15.4234346312
0.0280140070	15.4114366454
0.0282641321	15.3993910708
0.0285142571	15.3903872395
0.0287643822	15.3783826829
0.0290145073	15.3693675051
0.0292646323	15.3573731668
0.0295147574	15.3453694877
0.0297648824	15.3363547798
0.0300150075	15.3243641957
0.0302651326	15.3123627414
0.0305152576	15.3033526611
0.0307653827	15.2913597365
0.0310155078	15.2823522478
0.0312656328	15.2703647289
0.0315157579	15.2583648213
0.0317658829	15.2493589363
0.0320160080	15.2373711508
0.0322661331	15.2253767210
0.0325162581	15.2163675743
0.0327663832	15.2043843745
0.0330165083	15.1923917066
0.0332666333	15.1833934704
0.0335167584	15.1714064567
0.0337668834	15.1624005312
0.0340170085	15.1504217818
0.0342671336	15.1384328738
0.0345172586	15.1294283665
0.0347673837	15.1174520311
0.0350175088	15.1054623792
0.0352676338	15.0964732443
0.0355177589	15.0844889476
0.0357678839	15.0754870917
0.0360180090	15.0635136744
0.0362681341	15.0515294959
0.0365182591	15.0425294920
0.0367683842	15.0305605224
0.0370185093	15.0185748929
0.0372686343	15.0095922453
0.0375187594	14.9976115461
0.0377688844	14.9886135622
0.0380190095	14.9766491962
0.0382691346	14.9646669904
0.0385192596	14.9556756532
0.0387693847	14.9437096562
0.0390195098	14.9317347106
0.0392696348	14.9227476032
0.0395197599	14.9107775346
0.0397698849	14.9017850440
0.0400200100	14.8898209141
0.0402701351	14.8778534489
0.0405202601	14.8688595458
0.0407703852	14.8569026919
0.0410205103	14.8449304453
0.0412706353	14.8359428984
0.0415207604	14.8239855720
0.0417708854	14.8120194733
0.0420210105	14.8030443850
0.0422711356	14.7910759154
0.0425212606	14.7820902908
0.0427713857	14.7701374406
0.0430215108	14.7581712513
0.0432716358	14.7491904944
0.0435217609	14.7372348140
0.0437718859	14.7252765873
0.0440220110	14.7163041682
0.0442721361	14.7043435735
0.0445222611	14.6953656360
0.0447723862	14.6834136939
0.0450225113	14.6714567103
0.0452726363	14.6624772490
0.0455227614	14.6505327658
0.0457728864	14.6385786415
0.0460230115	14.6296065760
0.0462731366	14.6176557911
0.0465232616	14.6086795242
0.0467733867	14.5967388293
0.0470235118	14.5847884631
0.0472736368	14.5758096586
0.0475237619	14.5638731326
0.0477738869	14.5519240717
0.0480240120	14.5429599177
0.0482741371	14.5310092061
0.0485242621	14.5220392627
0.0487743872	14.5101027766
0.0490245123	14.4981542112
0.0492746373	14.4891905929
0.0495247624	14.4772539414
0.0497748874	14.4653100047
0.0500250125	14.4563437174
0.0502751376	14.4444085599
0.0505252626	14.4354486869
0.0507753877	14.4235150272
0.0510255128	14.4115741468
0.0512756378	14.4026085947
0.0515257629	14.3906811438
0.0517758879	14.3787460181
0.0520260130	14.3697818227
0.0522761381	14.3578562626
0.0525262631	14.3459189716
0.0527763882	14.3369699245
0.0530265133	14.3250373673
0.0532766383	14.3160756543
0.0535267634	14.3041544890
0.0537768884	14.2922231685
0.0540270135	14.2832630266
0.0542771386	14.2713437467
0.0545272636	14.2594164136
0.0547773887	14.2504716199
0.0550275138	14.2385413166
0.0552776388	14.2295867610
0.0555277639	14.2176720399
0.0557778889	14.2057475624
0.0560280140	14.1967963109
0.0562781391	14.1848798527
0.0565282641	14.1729605979
0.0567783892	14.1640174515
0.0570285143	14.1520969372
0.0572786393	14.1431484009
0.0575287644	14.1312361245
0.0577788894	14.1193169887
0.0580290145	14.1103705838
0.0582791396	14.0984640311
0.0585292646	14.0865472622
0.0587793897	14.0776103159
0.0590295148	14.0656949071
0.0592796398	14.0567473551
0.0595297649	14.0448481749
0.0597798899	14.0329335971
0.0600300150	14.0239909115
0.0602801401	14.0120901320
0.0605302651	14.0001782055
0.0607803902	13.9912382591
0.0610305153	13.9793419423
0.0612806403	13.9703982497
0.0615307654	13.9585014278
0.0617808904	13.9465951010
0.0620310155	13.9376587558
0.0622811406	13.9257610716
0.0625312656	13.9138625212
0.0627813907	13.9049236755
0.0630315158	13.8930310624
0.0632816408	13.8811344930
0.0635317659	13.8722077053
0.0637818909	13.8603052172
0.0640320160	13.8513733774
0.0642821411	13.8394862949
0.0645322661	13.8275892237
0.0647823912	13.8186544364
0.0650325163	13.8067705328
0.0652826413	13.7948757553
0.0655327664	13.7859576048
0.0657828914	13.7740608626
0.0660330165	13.7651301535
0.0662831416	13.7532567523
0.0665332666	13.7413629397
0.0667833917	13.7324346712
0.0670335168	13.7205526925
0.0672836418	13.7086654164
0.0675337669	13.6997509810
0.0677838919	13.6878651314
0.0680340170	13.6789437858
0.0682841421	13.6670655894
0.0685342671	13.6551808802
0.0687843922	13.6462653537
0.0690345173	13.6343858389
0.0692846423	13.6225101635
0.0695347674	13.6135970978
0.0697848924	13.6017165324
0.0700350175	13.5927993016
0.0702851426	13.5809286379
0.0705352676	13.5690558263
0.0707853927	13.5601363490
0.0710355178	13.5482708161
0.0712856428	13.5363931555
0.0715357679	13.5274796311
0.0717858929	13.5156174976
0.0720360180	13.5067014846
0.0722861431	13.4948439941
0.0725362681	13.4829703120
0.0727863932	13.4740596688
0.0730365183	13.4622011736
0.0732866433	13.4503309943
0.0735367684	13.4414214318
0.0737868934	13.4295650180
0.0740370185	13.4177016821
0.0742871436	13.4088006456
0.0745372686	13.3969377171
0.0747873937	13.3880332514
0.0750375188	13.3761776096
0.0752876438	13.3643205864
0.0755377689	13.3554134530
0.0757878939	13.3435637470
0.0760380190	13.3317062734
0.0762881441	13.3228116140
0.0765382691	13.3109549658
0.0767883942	13.3020536792
0.0770385193	13.2902095240
0.0772886443	13.2783517176
0.0775387694	13.2694538138
0.0777888944	13.2576122981
0.0780390195	13.2457564348
0.0782891446	13.2368734023
0.0785392696	13.2250214282
0.0787893947	13.2161217447
0.0790395198	13.2042876150
0.0792896448	13.1924372801
0.0795397699	13.1835442308
0.0797898949	13.1717082431
0.0800400200	13.1598649889
0.0802901451	13.1509798449
0.0805402701	13.1391364444
0.0807903952	13.1302474791
0.0810405203	13.1184121972
0.0812906453	13.1065777119
0.0815407704	13.0976855919
0.0817908954	13.0858532732
0.0820410205	13.0740186900
0.0822911456	13.0651341530
0.0825412706	13.0533041298
0.0827913957	13.0444192956
0.0830415208	13.0325955857
0.0832916458	13.0207625543
0.0835417709	13.0118759041
0.0837918959	13.0000580624
0.0840420210	12.9882252968
0.0842921461	12.9793402558
0.0845422711	12.9675228784
0.0847923962	12.9556945093
0.0850425213	12.9468250773
0.0852926463	12.9349969018
0.0855427714	12.9261195979
0.0857928964	12.9143062577
0.0860430215	12.9024785160
0.0862931466	12.8936066633
0.0865432716	12.8817906903
0.0867933967	12.8699717027
0.0870435218	12.8611040660
0.0872936468	12.8492862829
0.0875437719	12.8404139520
0.0877938969	12.8286062281
0.0880440220	12.8167898026
0.0882941471	12.8079178155
0.0885442721	12.7961122607
0.0887943972	12.7843004460
0.0890445223	12.7754380276
0.0892946473	12.7636298890
0.0895447724	12.7547591470
0.0897948974	12.7429606256
0.0900450225	12.7311510557
0.0902951476	12.7222825165
0.0905452726	12.7104902296
0.0907953977	12.6986762061
0.0910455228	12.6898268306
0.0912956478	12.6780201283
0.0915457729	12.6691550114
0.0917958979	12.6573690485
0.0920460230	12.6455613460
0.0922961481	12.6367020422
0.0925462731	12.6249116067
0.0927963982	12.6131139985
0.0930465233	12.6042567710
0.0932966483	12.5924669563
0.0935467734	12.5806706529
0.0937968984	12.5718248984
0.0940470235	12.5600303571
0.0942971486	12.5511745430
0.0945472736	12.5393913088
0.0947973987	12.5276014120
0.0950475238	12.5187457703
0.0952976488	12.5069691553
0.0955477739	12.4951764152
0.0957978989	12.4863381069
0.0960480240	12.4745471673
0.0962981491	12.4656989053
0.0965482741	12.4539249087
0.0967983992	12.4421405963
0.0970485243	12.4332905094
0.0972986493	12.4215194209
0.0975487744	12.4097379807
0.0977988994	12.4009053236
0.0980490245	12.3891257563
0.0982991496	12.3802791715
0.0985492746	12.3685107554
0.0987993997	12.3567320506
0.0990495248	12.3478951858
0.0992996498	12.3361278367
0.0995497749	12.3243577159
0.0997998999	12.3155249095
0.1000500250	12.3037527898
0.1003001501	12.2949139721
0.1005502751	12.2831531024
0.1008004002	12.2713857832
0.1010505253	12.2625471239
0.1013006503	12.2507890969
0.1015507754	12.2390227758
0.1018009005	12.2301996046
0.1020510255	12.2184370742
0.1023011506	12.2096019120
0.1025512756	12.1978505256
0.1028014007	12.1860889687
0.1030515258	12.1772560248
0.1033016508	12.1655075531
0.1035517759	12.1537489211
0.1038019010	12.1449219332
0.1040520260	12.1331725788
0.1043021511	12.1214171194
0.1045522761	12.1126016887
0.1048024012	12.1008459010
0.1050525263	12.0920262994
0.1053026513	12.0802817543
0.1055527764	12.0685308648
0.1058029015	12.0597097408
0.1060530265	12.0479664320
0.1063031516	12.0362241680
0.1065532766	12.0274107780
0.1068034017	12.0156665004
0.1070535268	12.0068452584
0.1073036518	11.9951104065
0.1075537769	11.9833675344
0.1078039020	11.9745538289
0.1080540270	11.9628221480
0.1083041521	11.9510801517
0.1085542771	11.9422766555
0.1088044022	11.9305381085
0.1090545273	11.9217233497
0.1093046523	11.9099975705
0.1095547774	11.8982624979
0.1098049025	11.8894495947
0.1100550275	11.8777273669
0.1103051526	11.8659955189
0.1105552776	11.8571979955
0.1108054027	11.8454651314
0.1110555278	11.8366597942
0.1113056528	11.8249420712
0.1115557779	11.8132149825
0.1118059030	11.8044121600
0.1120560280	11.7926919648
0.1123061531	11.7809733689
0.1125562781	11.7721681987
0.1128064032	11.7604572935
0.1130565283	11.7516541800
0.1133066533	11.7399426156
0.1135567784	11.7282235072
0.1138069035	11.7194244608
0.1140570285	11.7077202413
0.1143071536	11.6960025408
0.1145572786	11.6872038730
0.1148074037	11.6755020785
0.1150575288	11.6637853754
0.1153076538	11.6550038392
0.1155577789	11.6432928100
0.1158079040	11.6344982033
0.1160580290	11.6227999238
0.1163081541	11.6110915992
0.1165582791	11.6023042681
0.1168084042	11.5906036243
0.1170585293	11.5789030178
0.1173086543	11.5701232299
0.1175587794	11.5584163016
0.1178089045	11.5496354190
0.1180590295	11.5379400448
0.1183091546	11.5262458071
0.1185592796	11.5174589944
0.1188094047	11.5057724960
0.1190595298	11.4940754150
0.1193096548	11.4853013826
0.1195597799	11.4736059778
0.1198099050	11.4648253563
0.1200600300	11.4531451505
0.1203101551	11.4414539395
0.1205602801	11.4326714655
0.1208104052	11.4209950187
0.1210605303	11.4093036361
0.1213106553	11.4005401468
0.1215607804	11.3888544182
0.1218109055	11.3800773638
0.1220610305	11.3684042753
0.1223111556	11.3567210979
0.1225612806	11.3479521680
0.1228114057	11.3362795638
0.1230615308	11.3245963947
0.1233116558	11.3158290266
0.1235617809	11.3041620884
0.1238119060	11.2953958136
0.1240620310	11.2837263943
0.1243121561	11.2720516138
0.1245622811	11.2632881117
0.1248124062	11.2516219865
0.1250625313	11.2399547041
0.1253126563	11.2311904962
0.1255627814	11.2195289063
0.1258129065	11.2078626003
0.1260630315	11.1991096797
0.1263131566	11.1874443032
0.1265632816	11.1786834573
0.1268134067	11.1670324823
0.1270635318	11.1553666892
0.1273136568	11.1466114401
0.1275637819	11.1349603683
0.1278139070	11.1232990672
0.1280640320	11.1145558874
0.1283141571	11.1028972862
0.1285642821	11.0941456928
0.1288144072	11.0824982413
0.1290645323	11.0708445090
0.1293146573	11.0620962537
0.1295647824	11.0504507541
0.1298149075	11.0388041534
0.1300650325	11.0300629538
0.1303151576	11.0184145647
0.1305652826	11.0096713014
0.1308154077	10.9980314892
0.1310655328	10.9863855013
0.1313156578	10.9776445620
0.1315657829	10.9660088544
0.1318159080	10.9543684475
0.1320660330	10.9456355054
0.1323161581	10.9339987941
0.1325662831	10.9252548746
0.1328164082	10.9136289404
0.1330665333	10.9019885456
0.1333166583	10.8932511819
0.1335667834	10.8816296919
0.1338169085	10.8699940905
0.1340670335	10.8612616243
0.1343171586	10.8496385456
0.1345672836	10.8409050897
0.1348174087	10.8292856729
0.1350675338	10.8176585567
0.1353176588	10.8089283468
0.1355677839	10.7973130037
0.1358179090	10.7856890701
0.1360680340	10.7769607255
0.1363181591	10.7653481761
0.1365682841	10.7537258988
0.1368184092	10.7450098173
0.1370685343	10.7333944196
0.1373186593	10.7246694097
0.1375687844	10.7130629446
0.1378189095	10.7014479112
0.1380690345	10.6927240896
0.1383191596	10.6811218322
0.1385692846	10.6695095558
0.1388194097	10.6608030027
0.1390695348	10.6491895917
0.1393196598	10.6404757461
0.1395697849	10.6288766025
0.1398199100	10.6172669279
0.1400700350	10.6085559901
0.1403201601	10.5969601832
0.1405702851	10.5853553968
0.1408204102	10.5766556103
0.1410705353	10.5650534119
0.1413206603	10.5563452574
0.1415707854	10.5447583393
0.1418209105	10.5331574661
0.1420710355	10.5244527157
0.1423211606	10.5128652565
0.1425712856	10.5012724631
0.1428214107	10.4925768229
0.1430715358	10.4809857413
0.1433216608	10.4722845232
0.1435717859	10.4607047456
0.1438219110	10.4491163507
0.1440720360	10.4403672383
0.1443221611	10.4287916386
0.1445722861	10.4172075851
0.1448224112	10.4085096954
0.1450725363	10.3969327094
0.1453226613	10.3882412067
0.1455727864	10.3766711519
0.1458229115	10.3650930934
0.1460730365	10.3563997530
0.1463231616	10.3448338774
0.1465732866	10.3332550965
0.1468234117	10.3245668081
0.1470735368	10.3130010935
0.1473236618	10.3014306559
0.1475737869	10.2927523035
0.1478239120	10.2811812360
0.1480740370	10.2724987832
0.1483241621	10.2609387530
0.1485742871	10.2493749623
0.1488244122	10.2406915750
0.1490745373	10.2291383856
0.1493246623	10.2175769705
0.1495747874	10.2089039758
0.1498249125	10.1973460582
0.1500750375	10.1886671865
0.1503251626	10.1771204264
0.1505752876	10.1655626235
0.1508254127	10.1568869998
0.1510755378	10.1453434529
0.1513256628	10.1337916323
0.1515757879	10.1251289795
0.1518259130	10.1135756693
0.1520760380	10.1049060312
0.1523261631	10.0933686245
0.1525762881	10.0818190015
0.1528264132	10.0731540814
0.1530765383	10.0616207156
0.1533266633	10.0500763047
0.1535767884	10.0414213864
0.1538269135	10.0298774844
0.1540770385	10.0212149013
0.1543271636	10.0096899577
0.1545772886	9.9981512401
0.1548274137	9.9894881010
0.1550775388	9.9779667810
0.1553276638	9.9664319841
0.1555777889	9.9577775152
0.1558279140	9.9462519735
0.1560780390	9.9375974337
0.1563281641	9.9260811646
0.1565782891	9.9145515944
0.1568284142	9.9058982583
0.1570785393	9.8943841745
0.1573286643	9.8828620455
0.1575787894	9.8742093630
0.1578289145	9.8626988785
0.1580790395	9.8511804440
0.1583291646	9.8425428924
0.1585792896	9.8310231678
0.1588294147	9.8223804002
0.1590795398	9.8108750589
0.1593296648	9.7993588462
0.1595797899	9.7907205905
0.1598299150	9.7792195327
0.1600800400	9.7677111739
0.1603301651	9.7590791343
0.1605802901	9.7475695059
0.1608304152	9.7389355896
0.1610805403	9.7274406320
0.1613306653	9.7159359115
0.1615807904	9.7073000496
0.1618309155	9.6958119850
0.1620810405	9.6843140460
0.1623311656	9.6756872380
0.1625812906	9.6641924302
0.1628314157	9.6555613565
0.1630815408	9.6440792072
0.1633316658	9.6325847897
0.1635817909	9.6239569077
0.1638319160	9.6124768315
0.1640820410	9.6009889099
0.1643321661	9.5923727053
0.1645822911	9.5808879756
0.1648324162	9.5722639600
0.1650825413	9.5607917056
0.1653326663	9.5493095955
0.1655827914	9.5406883781
0.1658329165	9.5292229747
0.1660830415	9.5177416653
0.1663331666	9.5091258312
0.1665832916	9.4976597993
0.1668334167	9.4861824958
0.1670835418	9.4775805673
0.1673336668	9.4661062319
0.1675837919	9.4574948627
0.1678339170	9.4460349578
0.1680840420	9.4345689179
0.1683341671	9.4259598093
0.1685842921	9.4145051058
0.1688344172	9.4030445663
0.1690845423	9.3944442780
0.1693346673	9.3829836968
0.1695847924	9.3743810180
0.1698349175	9.3629323863
0.1700850425	9.3514746735
0.1703351676	9.3428736118
0.1705852926	9.3314253686
0.1708354177	9.3199767219
0.1710855428	9.3113889108
0.1713356678	9.2999373992
0.1715857929	9.2913426371
0.1718359180	9.2799054808
0.1720860430	9.2684594951
0.1723361681	9.2598666881
0.1725862931	9.2484282197
0.1728364182	9.2369875040
0.1730865433	9.2284101965
0.1733366683	9.2169686477
0.1735867934	9.2083809683
0.1738369185	9.1969577342
0.1740870435	9.1855219424
0.1743371686	9.1769375377
0.1745872936	9.1655108011
0.1748374187	9.1540814702
0.1750875438	9.1454998989
0.1753376688	9.1340802474
0.1755877939	9.1255020394
0.1758379190	9.1140847811
0.1760880440	9.1026611161
0.1763381691	9.0940847671
0.1765882941	9.0826728104
0.1768384192	9.0712544780
0.1770885443	9.0626805308
0.1773386693	9.0512692325
0.1775887944	9.0398575541
0.1778389195	9.0312974793
0.1780890445	9.0198819442
0.1783391696	9.0113163532
0.1785892946	8.9999150294
0.1788394197	8.9885078926
0.1790895448	8.9799432529
0.1793396698	8.9685431332
0.1795897949	8.9571423190
0.1798399200	8.9485899682
0.1800900450	8.9371861380
0.1803401701	8.9286268074
0.1805902951	8.9172394048
0.1808404202	8.9058398993
0.1810905453	8.8972868629
0.1813406703	8.8858978800
0.1815907954	8.8745048794
0.1818409205	8.8659653913
0.1820910455	8.8545730662
0.1823411706	8.8460217182
0.1825912956	8.8346474678
0.1828414207	8.8232576609
0.1830915458	8.8147100522
0.1833416708	8.8033380509
0.1835917959	8.7919542790
0.1838419210	8.7834195601
0.1840920460	8.7720425293
0.1843421711	8.7635002466
0.1845922961	8.7521377445
0.1848424212	8.7407594301
0.1850925463	8.7322202464
0.1853426713	8.7208602768
0.1855927964	8.7094881521
0.1858429215	8.7009543177
0.1860930465	8.6895928353
0.1863431716	8.6810593728
0.1865932966	8.6697081126
0.1868434217	8.6583415380
0.1870935468	8.6498132480
0.1873436718	8.6384666843
0.1875937969	8.6271047269
0.1878439220	8.6185816143
0.1880940470	8.6072318673
0.1883441721	8.5958818687
0.1885942971	8.5873641846
0.1888444222	8.5760132398
0.1890945473	8.5674939677
0.1893446723	8.5561554358
0.1895947974	8.5448089448
0.1898449225	8.5362912299
0.1900950475	8.5249571613
0.1903451726	8.5136153860
0.1905952976	8.5051141391
0.1908454227	8.4937714996
0.1910955478	8.4852611495
0.1913456728	8.4739346230
0.1915957979	8.4626002247
0.1918459230	8.4540914279
0.1920960480	8.4427696892
0.1923461731	8.4314416360
0.1925962981	8.4229440647
0.1928464232	8.4116153420
0.1930965483	8.4031122185
0.1933466733	8.3918015598
0.1935967984	8.3804794581
0.1938469235	8.3719797495
0.1940970485	8.3606702558
0.1943471736	8.3493507931
0.1945972986	8.3408680663
0.1948474237	8.3295496148
0.1950975488	8.3210556479
0.1953476738	8.3097573941
0.1955977989	8.2984438830
0.1958479240	8.2899537223
0.1960980490	8.2786596490
0.1963481741	8.2673528766
0.1965982991	8.2588664208
0.1968484242	8.2475736514
0.1970985493	8.2390893185
0.1973486743	8.2277993765
0.1975987994	8.2165021574
0.1978489245	8.2080208498
0.1980990495	8.1967380940
0.1983491746	8.1854455336
0.1985992996	8.1769680825
0.1988494247	8.1656880277
0.1990995498	8.1544004432
0.1993496748	8.1459364772
0.1995997999	8.1346494279
0.1998499250	8.1261803102
0.2001000500	8.1149098061
0.2003501751	8.1036263911
0.2006003002	8.0951616751
0.2008504252	8.0838944039
0.2011005503	8.0726161032
0.2013506753	8.0641651299
0.2016008004	8.0528912333
0.2018509255	8.0444293445
0.2021010505	8.0331738837
0.2023511756	8.0219030991
0.2026013007	8.0134451650
0.2028514257	8.0021941295
0.2031015508	7.9909284115
0.2033516758	7.9824840265
0.2036018009	7.9712259606
0.2038519260	7.9627742062
0.2041020510	7.9515273180
0.2043521761	7.9402733798
0.2046023012	7.9318252996
0.2048524262	7.9205859482
0.2051025513	7.9093363829
0.2053526763	7.9008995345
0.2056028014	7.8896554217
0.2058529265	7.8812127744
0.2061030515	7.8699804128
0.2063531766	7.8587392362
0.2066033017	7.8503004106
0.2068534267	7.8390765443
0.2071035518	7.8278350187
0.2073536768	7.8194038298
0.2076038019	7.8081809401
0.2078539270	7.7997450115
0.2081040520	7.7885280425
0.2083541771	7.7772977221
0.2086043022	7.7688725909
0.2088544272	7.7576586823
0.2091045523	7.7464331913
0.2093546773	7.7380087384
0.2096048024	7.7268025597
0.2098549275	7.7155835619
0.2101050525	7.7071715333
0.2103551776	7.6959577474
0.2106053027	7.6875395989
0.2108554277	7.6763377689
0.2111055528	7.6651302639
0.2113556778	7.6567158722
0.2116058029	7.6455195536
0.2118559280	7.6343166844
0.2121060530	7.6259162898
0.2123561781	7.6147146916
0.2126063032	7.6063081314
0.2128564282	7.5951201864
0.2131065533	7.5839248001
0.2133566783	7.5755200556
0.2136068034	7.5643380906
0.2138569285	7.5531469229
0.2141070535	7.5447549665
0.2143571786	7.5335731920
0.2146073037	7.5251754856
0.2148574287	7.5140022160
0.2151075538	7.5028174497
0.2153576788	7.4944284790
0.2156078039	7.4832590947
0.2158579290	7.4720816493
0.2161080540	7.4637028429
0.2163581791	7.4525309780
0.2166083042	7.4441410524
0.2168584292	7.4329850147
0.2171085543	7.4218163695
0.2173586793	7.4134314308
0.2176088044	7.4022818759
0.2178589295	7.3911169412
0.2181090545	7.3827383792
0.2183591796	7.3715930765
0.2186093047	7.3604342604
0.2188594297	7.3520694321
0.2191095548	7.3409152966
0.2193596798	7.3325429862
0.2196098049	7.3213497175
0.2198599300	7.3102014672
0.2201100550	7.3018349892
0.2203601801	7.2907015001
0.2206103052	7.2795598495
0.2208604302	7.2712043743
0.2211105553	7.2600654561
0.2213606803	7.2517035489
0.2216108054	7.2405812513
0.2218609305	7.2294451873
0.2221110555	7.2210884745
0.2223611806	7.2099705581
0.2226113057	7.1988429386
0.2228614307	7.1904969385
0.2231115558	7.1793780919
0.2233616808	7.1710242063
0.2236118059	7.1599165945
0.2238619310	7.1487965772
0.2241120560	7.1404510884
0.2243621811	7.1293461638
0.2246123062	7.1182334103
0.2248624312	7.1099014329
0.2251125563	7.0987959724
0.2253626813	7.0904550474
0.2256128064	7.0793587083
0.2258629315	7.0682578581
0.2261130565	7.0599221018
0.2263631816	7.0488325464
0.2266133067	7.0377363440
0.2268634317	7.0294141352
0.2271135568	7.0183210635
0.2273636818	7.0099918008
0.2276138069	6.9989127066
0.2278639320	6.9878235554
0.2281140570	6.9795024639
0.2283641821	6.9684265417
0.2286143072	6.9573453376
0.2288644322	6.9490267346
0.2291145573	6.9379551987
0.2293646823	6.9268797806
0.2296148074	6.9185732233
0.2298649325	6.9075034995
0.2301150575	6.8991902089
0.2303651826	6.8881337907
0.2306153077	6.8770659643
0.2308654327	6.8687575483
0.2311155578	6.8577066453
0.2313656828	6.8466449358
0.2316158079	6.8383518966
0.2318659330	6.8272942003
0.2321160580	6.8189943744
0.2323661831	6.8079499815
0.2326163082	6.7969014858
0.2328664332	6.7886047820
0.2331165583	6.7775660107
0.2333666833	6.7665236629
0.2336168084	6.7582409049
0.2338669335	6.7471987952
0.2341170585	6.7389127292
0.2343671836	6.7278859022
0.2346173087	6.7168500396
0.2348674337	6.7085672099
0.2351175588	6.6975444690
0.2353676838	6.6865158134
0.2356178089	6.6782469084
0.2358679340	6.6672208259
0.2361180590	6.6589433169
0.2363681841	6.6479327147
0.2366183092	6.6369143042
0.2368684342	6.6286434474
0.2371185593	6.6176408026
0.2373686843	6.6066251593
0.2376188094	6.5983570302
0.2378689345	6.5873604565
0.2381190595	6.5790953373
0.2383691846	6.5680990894
0.2386193097	6.5570990567
0.2388694347	6.5488378056
0.2391195598	6.5378496625
0.2393696848	6.5268548347
0.2396198099	6.5186000864
0.2398699350	6.5076170631
0.2401200600	6.4966256807
0.2403701851	6.4883861890
0.2406203102	6.4774026394
0.2408704352	6.4691545463
0.2411205603	6.4581812955
0.2413706853	6.4472003586
0.2416208104	6.4389610854
0.2418709355	6.4279954212
0.2421210605	6.4170209945
0.2423711856	6.4087911484
0.2426213107	6.3978256807
0.2428714357	6.3895904673
0.2431215608	6.3786353015
0.2433716858	6.3676752046
0.2436218109	6.3594449494
0.2438719360	6.3484944524
0.2441220610	6.3375378670
0.2443721861	6.3293227971
0.2446223112	6.3183702827
0.2448724362	6.3101498882
0.2451225613	6.2992128101
0.2453726863	6.2882674095
0.2456228114	6.2800494878
0.2458729365	6.2691165145
0.2461230615	6.2581801253
0.2463731866	6.2499777747
0.2466233117	6.2390430802
0.2468734367	6.2308344077
0.2471235618	6.2199137804
0.2473736868	6.2089853579
0.2476238119	6.2007827969
0.2478739370	6.1898671678
0.2481240620	6.1789482076
0.2483741871	6.1707487769
0.2486243122	6.1598401163
0.2488744372	6.1516475955
0.2491245623	6.1407428460
0.2493746873	6.1298309852
0.2496248124	6.1216419345
0.2498749375	6.1107462620
0.2501250625	6.0998424786
0.2503751876	6.0916566755
0.2506253127	6.0807685869
0.2508754377	6.0698709295
0.2511255628	6.0616994307
0.2513756878	6.0508074400
0.2516258129	6.0426296899
0.2518759380	6.0317516305
0.2521260630	6.0208663899
0.2523761881	6.0126960454
0.2526263132	6.0018229092
0.2528764382	5.9909460558
0.2531265633	5.9827866035
0.2533766883	5.9719164086
0.2536268134	5.9637526080
0.2538769385	5.9528908348
0.2541270635	5.9420219130
0.2543771886	5.9338654810
0.2546273137	5.9230124105
0.2548774387	5.9121522519
0.2551275638	5.9040103754
0.2553776888	5.8931533087
0.2556278139	5.8850031192
0.2558779390	5.8741619513
0.2561280640	5.8633132872
0.2563781891	5.8551686111
0.2566283142	5.8443363575
0.2568784392	5.8334930312
0.2571285643	5.8253653615
0.2573786893	5.8145305028
0.2576288144	5.8063925677
0.2578789395	5.7955682874
0.2581290645	5.7847424449
0.2583791896	5.7766138333
0.2586293147	5.7657966725
0.2588794397	5.7549722143
0.2591295648	5.7468472060
0.2593796898	5.7360389463
0.2596298149	5.7279212114
0.2598799400	5.7171159748
0.2601300650	5.7063055976
0.2603801901	5.6981912865
0.2606303152	5.6873932523
0.2608804402	5.6765919067
0.2611305653	5.6684813785
0.2613806903	5.6576907879
0.2616308154	5.6468970484
0.2618809405	5.6388015480
0.2621310655	5.6280106255
0.2623811906	5.6199092386
0.2626313157	5.6091322530
0.2628814407	5.5983487178
0.2631315658	5.5902548981
0.2633816908	5.5794840469
0.2636318159	5.5687055838
0.2638819410	5.5606270453
0.2641320660	5.5498558678
0.2643821911	5.5417708227
0.2646323162	5.5310124121
0.2648824412	5.5202487486
0.2651325663	5.5121701257
0.2653826913	5.5014182116
0.2656328164	5.4906638525
0.2658829415	5.4825971845
0.2661330665	5.4718479271
0.2663831916	5.4637758230
0.2666333167	5.4530392573
0.2668834417	5.4422958068
0.2671335668	5.4342309393
0.2673836918	5.4235005705
0.2676338169	5.4127654533
0.2678839420	5.4047169232
0.2681340670	5.3939837622
0.2683841921	5.3859283787
0.2686343172	5.3752116618
0.2688844422	5.3644920328
0.2691345673	5.3564405911
0.2693846923	5.3457318687
0.2696348174	5.3350152796
0.2698849425	5.3269727459
0.2701350675	5.3162714953
0.2703851926	5.3082315468
0.2706353177	5.2975340486
0.2708854427	5.2868335541
0.2711355678	5.2787988797
0.2713856928	5.2681132035
0.2716358179	5.2574210971
0.2718859430	5.2493336071
0.2721360680	5.2386546525
0.2723861931	5.2279687621
0.2726363182	5.2199555447
0.2728864432	5.2092733860
0.2731365683	5.2012567048
0.2733866933	5.1905889449
0.2736368184	5.1799188227
0.2738869435	5.1719057250
0.2741370685	5.1612483885
0.2743871936	5.1505839946
0.2746373187	5.1425867768
0.2748874437	5.1319264022
0.2751375688	5.1239242248
0.2753876938	5.1132811897
0.2756378189	5.1026313360
0.2758879440	5.0946359647
0.2761380690	5.0839974173
0.2763881941	5.0733551606
0.2766383192	5.0653737601
0.2768884442	5.0547380700
0.2771385693	5.0467559014
0.2773886943	5.0361300420
0.2776388194	5.0255018933
0.2778889445	5.0175227017
0.2781390695	5.0069079092
0.2783891946	4.9962896357
0.2786393197	4.9883259144
0.2788894447	4.9777086810
0.2791395698	4.9697423304
0.2793896948	4.9591421264
0.2796398199	4.9485370954
0.2798899450	4.9405750740
0.2801400700	4.9299828919
0.2803901951	4.9193863275
0.2806403202	4.9114287728
0.2808904452	4.9008478758
0.2811405703	4.8928941515
0.2813906953	4.8823185471
0.2816408204	4.8717368572
0.2818909455	4.8637917541
0.2821410705	4.8532231848
0.2823911956	4.8426460113
0.2826413207	4.8347095013
0.2828914457	4.8241515758
0.2831415708	4.8135835806
0.2833916958	4.8056616605
0.2836418209	4.7951027236
0.2838919460	4.7871753643
0.2841420710	4.7766281957
0.2843921961	4.7660783439
0.2846423212	4.7581579168
0.2848924462	4.7476250873
0.2851425713	4.7370806364
0.2853926963	4.7291762476
0.2856428214	4.7186394690
0.2858929465	4.7107319604
0.2861430715	4.7002123071
0.2863931966	4.6896827405
0.2866433217	4.6817800030
0.2868934467	4.6712715002
0.2871435718	4.6607510107
0.2873936968	4.6528648386
0.2876438219	4.6423521864
0.2878939470	4.6344628167
0.2881440720	4.6239655365
0.2883941971	4.6134602694
0.2886443222	4.6055778302
0.2888944472	4.5950898415
0.2891445723	4.5845938380
0.2893946973	4.5767316973
0.2896448224	4.5662418363
0.2898949475	4.5583690993
0.2901450725	4.5478983324
0.2903951976	4.5374178370
0.2906453227	4.5295541348
0.2908954477	4.5190909248
0.2911455728	4.5086218541
0.2913956978	4.5007652315
0.2916458229	4.4903077470
0.2918959480	4.4798502958
0.2921460730	4.4720106573
0.2923961981	4.4615586582
0.2926463232	4.4537123572
0.2928964482	4.4432721538
0.2931465733	4.4328306382
0.2933966983	4.4249933005
0.2936468234	4.4145650816
0.2938969485	4.4041293914
0.2941470735	4.3963081557
0.2943971986	4.3858825148
0.2946473237	4.3780529335
0.2948974487	4.3676434656
0.2951475738	4.3572235878
0.2953976988	4.3494055143
0.2956478239	4.3390028898
0.2958979490	4.3285970453
0.2961480740	4.3207922976
0.2963981991	4.3103908353
0.2966483242	4.3025854983
0.2968984492	4.2921993520
0.2971485743	4.2818091039
0.2973986993	4.2740077279
0.2976488244	4.2636317678
0.2978989495	4.2532524467
0.2981490745	4.2454671052
0.2983991996	4.2350944224
0.2986493247	4.2273076582
0.2988994497	4.2169490471
0.2991495748	4.2065844151
0.2993996998	4.1988055731
0.2996498249	4.1884562988
0.2998999500	4.1781036112
0.3001500750	4.1703301382
0.3004002001	4.1599923621
0.3006503252	4.1522269607
0.3009004502	4.1418934482
0.3011505753	4.1315585285
0.3014007004	4.1237986605
0.3016508254	4.1134788603
0.3019009505	4.1031521716
0.3021510755	4.0953999948
0.3024012006	4.0850901636
0.3026513257	4.0747756162
0.3029014507	4.0670397161
0.3031515758	4.0567326674
0.3034017009	4.0489945977
0.3036518259	4.0386999681
0.3039019510	4.0284032411
0.3041520760	4.0206709044
0.3044022011	4.0103904881
0.3046523262	4.0001024580
0.3049024512	3.9923886453
0.3051525763	3.9821097638
0.3054027014	3.9743901196
0.3056528264	3.9641278661
0.3059029515	3.9538577929
0.3061530765	3.9461476943
0.3064032016	3.9358956820
0.3066533267	3.9256373053
0.3069034517	3.9179458505
0.3071535768	3.9076962059
0.3074037019	3.8999988509
0.3076538269	3.8897636641
0.3079039520	3.8795245204
0.3081540770	3.8718339820
0.3084042021	3.8616132954
0.3086543272	3.8513823690
0.3089044522	3.8437133799
0.3091545773	3.8334927958
0.3094047024	3.8258182576
0.3096548274	3.8156118582
0.3099049525	3.8053415925
0.3101550775	3.7976780157
0.3104052026	3.7874858991
0.3106553277	3.7772863060
0.3109054527	3.7696299720
0.3111555778	3.7594452967
0.3114057029	3.7517979604
0.3116558279	3.7416213431
0.3119059530	3.7314427028
0.3121560780	3.7238003353
0.3124062031	3.7136369161
0.3126563282	3.7034664948
0.3129064532	3.6958346228
0.3131565783	3.6856849879
0.3134067034	3.6755277899
0.3136568284	3.6679116997
0.3139069535	3.6577641976
0.3141570785	3.6501455155
0.3144072036	3.6400154510
0.3146573287	3.6298760868
0.3149074537	3.6222666631
0.3151575788	3.6121466176
0.3154077039	3.6020213623
0.3156578289	3.5944320774
0.3159079540	3.5843160774
0.3161580790	3.5767219070
0.3164082041	3.5666200860
0.3166583292	3.5565143002
0.3169084542	3.5489312907
0.3171585793	3.5388432864
0.3174087044	3.5287511222
0.3176588294	3.5211841913
0.3179089545	3.5110994184
0.3181590795	3.5035305066
0.3184092046	3.4934640116
0.3186593297	3.4833911581
0.3189094547	3.4758301943
0.3191595798	3.4657763837
0.3194097049	3.4557176291
0.3196598299	3.4481758436
0.3199099550	3.4381247162
0.3201600800	3.4305810227
0.3204102051	3.4205450884
0.3206603302	3.4105062992
0.3209104552	3.4029736049
0.3211605803	3.3929518211
0.3214107054	3.3829260838
0.3216608304	3.3754002573
0.3219109555	3.3653903590
0.3221610805	3.3578750885
0.3224112056	3.3478715082
0.3226613307	3.3378694253
0.3229114557	3.3303593119
0.3231615808	3.3203744897
0.3234117059	3.3103814787
0.3236618309	3.3028852529
0.3239119560	3.2929080441
0.3241620810	3.2829322948
0.3244122061	3.2754516940
0.3246623312	3.2654822684
0.3249124562	3.2579987650
0.3251625813	3.2480476138
0.3254127064	3.2380901114
0.3256628314	3.2306203055
0.3259129565	3.2206805740
0.3261630815	3.2107383396
0.3264132066	3.2032846284
0.3266633317	3.1933530275
0.3269134567	3.1858981402
0.3271635818	3.1759789526
0.3274137069	3.1660612678
0.3276638319	3.1586167984
0.3279139570	3.1487135151
0.3281640820	3.1388075641
0.3284142071	3.1313831223
0.3286643322	3.1214841990
0.3289144572	3.1140567700
0.3291645823	3.1041766304
0.3294147074	3.0942936994
0.3296648324	3.0868771135
0.3299149575	3.0770127451
0.3301650825	3.0671442414
0.3304152076	3.0597457641
0.3306653327	3.0498862288
0.3309154577	3.0424869467
0.3311655828	3.0326444574
0.3314157079	3.0228013510
0.3316658329	3.0154091674
0.3319159580	3.0055846762
0.3321660830	2.9957524341
0.3324162081	2.9883767482
0.3326663332	2.9785631855
0.3329164582	2.9711947046
0.3331665833	2.9613886138
0.3334167084	2.9515824565
0.3336668334	2.9442230714
0.3339169585	2.9344335749
0.3341670835	2.9246422470
0.3344172086	2.9172942033
0.3346673337	2.9075214173
0.3349174587	2.8977448657
0.3351675838	2.8904141657
0.3354177089	2.8806509739
0.3356678339	2.8733198992
0.3359179590	2.8635698134
0.3361680840	2.8538184096
0.3364182091	2.8465020524
0.3366683342	2.8367657513
0.3369184592	2.8270307024
0.3371685843	2.8197322069
0.3374187094	2.8100063505
0.3376688344	2.8027077523
0.3379189595	2.7929978265
0.3381690845	2.7832873427
0.3384192096	2.7759385713
0.3386693347	2.7662458290
0.3389194597	2.7565514052
0.3391695848	2.7492837587
0.3394197099	2.7395980862
0.3396698349	2.7323329199
0.3399199600	2.7226627788
0.3401700850	2.7129956196
0.3404202101	2.7057402039
0.3406703352	2.6960899584
0.3409204602	2.6864383275
0.3411705853	2.6792030144
0.3414207104	2.6695611407
0.3416708354	2.6623262789
0.3419209605	2.6527017473
0.3421710855	2.6430767669
0.3424212106	2.6358536247
0.3426713357	2.6262474930
0.3429214607	2.6166393848
0.3431715858	2.6094274636
0.3434217109	2.5998376691
0.3436718359	2.5902471888
0.3439219610	2.5830571274
0.3441720860	2.5734748136
0.3444222111	2.5662866595
0.3446723362	2.5567255836
0.3449224612	2.5471604767
0.3451725863	2.5399835497
0.3454227114	2.5304373784
0.3456728364	2.5208917063
0.3459229615	2.5137354919
0.3461730865	2.5042008157
0.3464232116	2.4970453626
0.3466733367	2.4875277128
0.3469234617	2.4780125334
0.3471735868	2.4708702750
0.3474237119	2.4613701366
0.3476738369	2.4518689425
0.3479239620	2.4447496789
0.3481740870	2.4352617019
0.3484242121	2.4281413624
0.3486743372	2.4186705742
0.3489244622	2.4092005239
0.3491745873	2.4020919862
0.3494247124	2.3926430177
0.3496748374	2.3831874797
0.3499249625	2.3761057845
0.3501750875	2.3666657597
0.3504252126	2.3595776826
0.3506753377	2.3501591019
0.3509254627	2.3407375366
0.3511755878	2.3336653655
0.3514257129	2.3242633612
0.3516758379	2.3148600345
0.3519259630	2.3078118720
0.3521760880	2.2984206099
0.3524262131	2.2913720919
0.3526763382	2.2820003385
0.3529264632	2.2726285224
0.3531765883	2.2655960124
0.3534267134	2.2562416652
0.3536768384	2.2468870087
0.3539269635	2.2398720165
0.3541770885	2.2305375862
0.3544272136	2.2212029538
0.3546773387	2.2142060651
0.3549274637	2.2048857277
0.3551775888	2.1978916321
0.3554277139	2.1885907777
0.3556778389	2.1792898294
0.3559279640	2.1723082020
0.3561780890	2.1630277770
0.3564282141	2.1537475337
0.3566783392	2.1467897930
0.3569284642	2.1375184108
0.3571785893	2.1305657337
0.3574287144	2.1213160207
0.3576788394	2.1120680043
0.3579289645	2.1051287093
0.3581790895	2.0958996230
0.3584292146	2.0866720196
0.3586793397	2.0797539029
0.3589294647	2.0705397543
0.3591795898	2.0636279675
0.3594297149	2.0544328360
0.3596798399	2.0452393186
0.3599299650	2.0383412097
0.3601800900	2.0291664797
0.3604302151	2.0199308204
0.3606803402	2.0130564501
0.3609304652	2.0038962561
0.3611805903	1.9970228383
0.3614307154	1.9878852242
0.3616808404	1.9787493518
0.3619309655	1.9718946568
0.3621810905	1.9627767488
0.3624312156	1.9536615752
0.3626813407	1.9468214872
0.3629314657	1.9377282819
0.3631815908	1.9309004367
0.3634317159	1.9218193964
0.3636818409	1.9127426623
0.3639319660	1.9059313589
0.3641820910	1.8968746304
0.3644322161	1.8878168276
0.3646823412	1.8810234201
0.3649324662	1.8719895633
0.3651825913	1.8629546581
0.3654327164	1.8561858276
0.3656828414	1.8471671810
0.3659329665	1.8404003638
0.3661830915	1.8314062236
0.3664332166	1.8224080655
0.3666833417	1.8156601895
0.3669334667	1.8066874261
0.3671835918	1.7977184144
0.3674337169	1.7909946807
0.3676838419	1.7820399184
0.3679339670	1.7753195676
0.3681840920	1.7663863174
0.3684342171	1.7574544318
0.3686843422	1.7507522848
0.3689344672	1.7418432209
0.3691845923	1.7329356089
0.3694347174	1.7262602419
0.3696848424	1.7173675239
0.3699349675	1.7106971950
0.3701850925	1.7018288862
0.3704352176	1.6929606599
0.3706853427	1.6863093595
0.3709354677	1.6774656877
0.3711855928	1.6686204782
0.3714357179	1.6619971318
0.3716858429	1.6531721283
0.3719359680	1.6465494506
0.3721860930	1.6377476445
0.3724362181	1.6289474698
0.3726863432	1.6223464002
0.3729364682	1.6135708143
0.3731865933	1.6047940529
0.3734367184	1.5982144027
0.3736868434	1.5894641849
0.3739369685	1.5828936066
0.3741870935	1.5741610101
0.3744372186	1.5654280078
0.3746873437	1.5588787229
0.3749374687	1.5501721526
0.3751875938	1.5414681088
0.3754377189	1.5349397191
0.3756878439	1.5262599805
0.3759379690	1.5175831821
0.3761880940	1.5110784355
0.3764382191	1.5024182499
0.3766883442	1.4959230610
0.3769384692	1.4872892132
0.3771885943	1.4786571456
0.3774387194	1.4721825613
0.3776888444	1.4635130418
0.3779389695	1.4549081337
0.3781890945	1.4484609963
0.3784392196	1.4398744543
0.3786893447	1.4334353998
0.3789394697	1.4248775551
0.3791895948	1.4163202091
0.3794397199	1.4099031919
0.3796898449	1.4013748101
0.3799399700	1.3928452154
0.3801900950	1.3864564178
0.3804402201	1.3779488313
0.3806903452	1.3715662307
0.3809404702	1.3630854406
0.3811905953	1.3546100619
0.3814407204	1.3482532632
0.3816908454	1.3398005171
0.3819409705	1.3313537381
0.3821910955	1.3250247261
0.3824412206	1.3165973885
0.3826913457	1.3102757910
0.3829414707	1.3018761059
0.3831915958	1.2934799480
0.3834417209	1.2871819549
0.3836918459	1.2788161359
0.3839419710	1.2704502760
0.3841920960	1.2641789309
0.3844422211	1.2558391391
0.3846923462	1.2495840800
0.3849424712	1.2412654116
0.3851925963	1.2329543265
0.3854427214	1.2267230902
0.3856928464	1.2184386828
0.3859429715	1.2101608522
0.3861930965	1.2039527458
0.3864432216	1.1957015520
0.3866933467	1.1874552124
0.3869434717	1.1812798754
0.3871935968	1.1730549495
0.3874437219	1.1668882068
0.3876938469	1.1586962674
0.3879439720	1.1505071902
0.3881940970	1.1443646867
0.3884442221	1.1362034394
0.3886943472	1.1280497139
0.3889444722	1.1219420129
0.3891945973	1.1138082516
0.3894447224	1.1077123604
0.3896948474	1.0996074776
0.3899449725	1.0915125705
0.3901950975	1.0854410750
0.3904452226	1.0773739513
0.3906953477	1.0693134392
0.3909454727	1.0632760766
0.3911955978	1.0552387785
0.3914457229	1.0491480178
0.3916958479	1.0411406208
0.3919459730	1.0331408498
0.3921960980	1.0271422082
0.3924462231	1.0191741983
0.3926963482	1.0112139259
0.3929464732	1.0052490435
0.3931965983	0.9973123256
0.3934467234	0.9913624157
0.3936968484	0.9834575887
0.3939469735	0.9755574657
0.3941970985	0.9696382623
0.3944472236	0.9617719805
0.3946973487	0.9539144009
0.3949474737	0.9480230397
0.3951975988	0.9401965689
0.3954477239	0.9343264494
0.3956978489	0.9265261064
0.3959479740	0.9187336508
0.3961980990	0.9128959321
0.3964482241	0.9051353648
0.3966983492	0.8973860851
0.3969484742	0.8915779665
0.3971985993	0.8838593276
0.3974487244	0.8761524054
0.3976988494	0.8703817664
0.3979489745	0.8627001325
0.3981990995	0.8569444861
0.3984492246	0.8492979830
0.3986993497	0.8416597814
0.3989494747	0.8359367022
0.3991995998	0.8283356618
0.3994497249	0.8207421649
0.3996998499	0.8150581880
0.3999499750	0.8074945901
0.4002001001	0.8018256415
0.4004502251	0.7942963457
0.4007003502	0.7867748603
0.4009504752	0.7811411934
0.4012006003	0.7736595746
0.4014507254	0.7661844777
0.4017008504	0.7605921722
0.4019509755	0.7531487459
0.4022011006	0.7475722638
0.4024512256	0.7400972215
0.4027013507	0.7327024113
0.4029514757	0.7271613838
0.4032016008	0.7198026230
0.4034517259	0.7124583607
0.4037018509	0.7069609868
0.4039519760	0.6996473001
0.4042021011	0.6941699261
0.4044522261	0.6868936928
0.4047023512	0.6796307190
0.4049524762	0.6741885147
0.4052026013	0.6669660592
0.4054527264	0.6597567451
0.4057028514	0.6543558186
0.4059529765	0.6471859993
0.4062031016	0.6418083705
0.4064532266	0.6346706450
0.4067033517	0.6275487432
0.4069534767	0.6222136144
0.4072036018	0.6151321641
0.4074537269	0.6080629873
0.4077038519	0.6027693989
0.4079539770	0.5957410757
0.4082041021	0.5887276157
0.4084542271	0.5834813933
0.4087043522	0.5765045461
0.4089544772	0.5712813518
0.4092046023	0.5643457680
0.4094547274	0.5574279677
0.4097048524	0.5522458904
0.4099549775	0.5453703866
0.4102051026	0.5385078418
0.4104552276	0.5333794783
0.4107053527	0.5265573020
0.4109554777	0.5214486088
0.4112056028	0.5146004172
0.4114557279	0.5078406415
0.4117058529	0.5027796363
0.4119559780	0.4960647159
0.4122061031	0.4893673093
0.4124562281	0.4843590359
0.4127063532	0.4777025620
0.4129564782	0.4727213962
0.4132066033	0.4661129942
0.4134567284	0.4595250074
0.4137068534	0.4545916871
0.4139569785	0.4480505985
0.4142071036	0.4415303024
0.4144572286	0.4366525913
0.4147073537	0.4301756135
0.4149574787	0.4253270397
0.4152076038	0.4188987106
0.4154577289	0.4124919059
0.4157078539	0.4076962340
0.4159579790	0.4013390598
0.4162081041	0.3950034067
0.4164582291	0.3902621620
0.4167083542	0.3839781395
0.4169584792	0.3777130158
0.4172086043	0.3730353794
0.4174587294	0.3668201875
0.4177088544	0.3621707287
0.4179589795	0.3560080420
0.4182091046	0.3498687906
0.4184592296	0.3452103275
0.4187093547	0.3391251551
0.4189594797	0.3330676158
0.4192096048	0.3285421247
0.4194597299	0.3225368926
0.4197098549	0.3180498021
0.4199599800	0.3121004594
0.4202101051	0.3061798984
0.4204602301	0.3017539162
0.4207103552	0.2958925374
0.4209604802	0.2900573731
0.4212106053	0.2857026758
0.4214607304	0.2799246108
0.4217108554	0.2756066966
0.4219609805	0.2698901579
0.4222111056	0.2642034167
0.4224612306	0.2599532595
0.4227113557	0.2543281267
0.4229614807	0.2487347619
0.4232116058	0.2445611449
0.4234617309	0.2390247872
0.4237118559	0.2348953707
0.4239619810	0.2294280585
0.4242121061	0.2239215764
0.4244622311	0.2198653698
0.4247123562	0.2144969594
0.4249624812	0.2091690084
0.4252126063	0.2051900838
0.4254627314	0.1999305841
0.4257128564	0.1960077995
0.4259629815	0.1908166676
0.4262131066	0.1856639253
0.4264632316	0.1818206397
0.4267133567	0.1767427217
0.4269634817	0.1717027470
0.4272136068	0.1679470186
0.4274637319	0.1629867421
0.4277138569	0.1580643388
0.4279639820	0.1544015562
0.4282141071	0.1495559673
0.4284642321	0.1459465174
0.4287143572	0.1411108416
0.4289644822	0.1363914200
0.4292146073	0.1328804803
0.4294647324	0.1282509602
0.4297148574	0.1236672275
0.4299649825	0.1202625775
0.4302151076	0.1157670476
0.4304652326	0.1124260286
0.4307153577	0.1080281252
0.4309654827	0.1036744109
0.4312156078	0.1004455119
0.4314657329	0.0961930544
0.4317158579	0.0919943061
0.4319659830	0.0888843434
0.4322161081	0.0847855863
0.4324662331	0.0816714370
0.4327163582	0.0776812566
0.4329664832	0.0737489109
0.4332166083	0.0708396595
0.4334667334	0.0670243927
0.4337168584	0.0632757142
0.4339669835	0.0605076476
0.4342171086	0.0568776245
0.4344672336	0.0541977002
0.4347173587	0.0506954331
0.4349674837	0.0472639959
0.4352176088	0.0447349946
0.4354677339	0.0413616273
0.4357178589	0.0381461060
0.4359679840	0.0357882320
0.4362181091	0.0327233510
0.4364682341	0.0304828326
0.4367183592	0.0275806826
0.4369684842	0.0247719966
0.4372186093	0.0227277819
0.4374687344	0.0200945681
0.4377188594	0.0174876465
0.4379689845	0.0156672084
0.4382191096	0.0133504886
0.4384692346	0.0111592828
0.4387193597	0.0096016667
0.4389694847	0.0076483213
0.4392196098	0.0061965805
0.4394697349	0.0045262399
0.4397198599	0.0030517461
0.4399699850	0.0020861865
0.4402201101	0.0001220454
0.4404702351	0.0000000000
0.4407203602	0.0000000000
0.4409704852	0.0000000000
0.4412206103	0.0000000000
0.4414707354	0.0000000000
0.4417208604	0.0000000000
0.4419709855	0.0000000000
0.4422211106	0.0000000000
0.4424712356	0.0000000000
0.4427213607	0.0000000000
0.4429714857	0.0000000000
0.4432216108	0.0000000000
0.4434717359	0.0000000000
0.4437218609	0.0000000000
0.4439719860	0.0000000000
0.4442221111	0.0000000000
0.4444722361	0.0000000000
0.4447223612	0.0000000000
0.4449724862	0.0000000000
0.4452226113	0.0000000000
0.4454727364	0.0000000000
0.4457228614	0.0000000000
0.4459729865	0.0000000000
0.4462231116	0.0000000000
0.4464732366	0.0000000000
0.4467233617	0.0000000000
0.4469734867	0.0000000000
0.4472236118	0.0000000000
0.4474737369	0.0000000000
0.4477238619	0.0000000000
0.4479739870	0.0000000000
0.4482241121	0.0000000000
0.4484742371	0.0000000000
0.4487243622	0.0000000000
0.4489744872	0.0000000000
0.4492246123	0.0000000000
0.4494747374	0.0000000000
0.4497248624	0.0000000000
0.4499749875	0.0000000000
0.4502251126	0.0000000000
0.4504752376	0.0000000000
0.4507253627	0.0000000000
0.4509754877	0.0000000000
0.4512256128	0.0000000000
0.4514757379	0.0000000000
0.4517258629	0.0000000000
0.4519759880	0.0000000000
0.4522261131	0.0000000000
0.4524762381	0.0000000000
0.4527263632	0.0000000000
0.4529764882	0.0000000000
0.4532266133	0.0000000000
0.4534767384	0.0000000000
0.4537268634	0.0000000000
0.4539769885	0.0000000000
0.4542271136	0.0000000000
0.4544772386	0.0000000000
0.4547273637	0.0000000000
0.4549774887	0.0000000000
0.4552276138	0.0000000000
0.4554777389	0.0000000000
0.4557278639	0.0000000000
0.4559779890	0.0000000000
0.4562281141	0.0000000000
0.4564782391	0.0000000000
0.4567283642	0.0000000000
0.4569784892	0.0000000000
0.4572286143	0.0000000000
0.4574787394	0.0000000000
0.4577288644	0.0000000000
0.4579789895	0.0000000000
0.4582291146	0.0000000000
0.4584792396	0.0000000000
0.4587293647	0.0000000000
0.4589794897	0.0000000000
0.4592296148	0.0000000000
0.4594797399	0.0000000000
0.4597298649	0.0000000000
0.4599799900	0.0000000000
0.4602301151	0.0000000000
0.4604802401	0.0000000000
0.4607303652	0.0000000000
0.4609804902	0.0000000000
0.4612306153	0.0000000000
0.4614807404	0.0000000000
0.4617308654	0.0000000000
0.4619809905	0.0000000000
0.4622311156	0.0000000000
0.4624812406	0.0000000000
0.4627313657	0.0000000000
0.4629814907	0.0000000000
0.4632316158	0.0000000000
0.4634817409	0.0000000000
0.4637318659	0.0000000000
0.4639819910	0.0000000000
0.4642321161	0.0000000000
0.4644822411	0.0000000000
0.4647323662	0.0000000000
0.4649824912	0.0000000000
0.4652326163	0.0000000000
0.4654827414	0.0000000000
0.4657328664	0.0000000000
0.4659829915	0.0000000000
0.4662331166	0.0000000000
0.4664832416	0.0000000000
0.4667333667	0.0000000000
0.4669834917	0.0000000000
0.4672336168	0.0000000000
0.4674837419	0.0000000000
0.4677338669	0.0000000000
0.4679839920	0.0000000000
0.4682341171	0.0000000000
0.4684842421	0.0000000000
0.4687343672	0.0000000000
0.4689844922	0.0000000000
0.4692346173	0.0000000000
0.4694847424	0.0000000000
0.4697348674	0.0000000000
0.4699849925	0.0000000000
0.4702351176	0.0000000000
0.4704852426	0.0000000000
0.4707353677	0.0000000000
0.4709854927	0.0000000000
0.4712356178	0.0000000000
0.4714857429	0.0000000000
0.4717358679	0.0000000000
0.4719859930	0.0000000000
0.4722361181	0.0000000000
0.4724862431	0.0000000000
0.4727363682	0.0000000000
0.4729864932	0.0000000000
0.4732366183	0.0000000000
0.4734867434	0.0000000000
0.4737368684	0.0000000000
0.4739869935	0.0000000000
0.4742371186	0.0000000000
0.4744872436	0.0000000000
0.4747373687	0.0000000000
0.4749874937	0.0000000000
0.4752376188	0.0000000000
0.4754877439	0.0000000000
0.4757378689	0.0000000000
0.4759879940	0.0000000000
0.4762381191	0.0000000000
0.4764882441	0.0000000000
0.4767383692	0.0000000000
0.4769884942	0.0000000000
0.4772386193	0.0000000000
0.4774887444	0.0000000000
0.4777388694	0.0000000000
0.4779889945	0.0000000000
0.4782391196	0.0000000000
0.4784892446	0.0000000000
0.4787393697	0.0000000000
0.4789894947	0.0000000000
0.4792396198	0.0000000000
0.4794897449	0.0000000000
0.4797398699	0.0000000000
0.4799899950	0.0000000000
0.4802401201	0.0000000000
0.4804902451	0.0000000000
0.4807403702	0.0000000000
0.4809904952	0.0000000000
0.4812406203	0.0000000000
0.4814907454	0.0000000000
0.4817408704	0.0000000000
0.4819909955	0.0000000000
0.4822411206	0.0000000000
0.4824912456	0.0000000000
0.4827413707	0.0000000000
0.4829914957	0.0000000000
0.4832416208	0.0000000000
0.4834917459	0.0000000000
0.4837418709	0.0000000000
0.4839919960	0.0000000000
0.4842421211	0.0000000000
0.4844922461	0.0000000000
0.4847423712	0.0000000000
0.4849924962	0.0000000000
0.4852426213	0.0000000000
0.4854927464	0.0000000000
0.4857428714	0.0000000000
0.4859929965	0.0000000000
0.4862431216	0.0000000000
0.4864932466	0.0000000000
0.4867433717	0.0000000000
0.4869934967	0.0000000000
0.4872436218	0.0000000000
0.4874937469	0.0000000000
0.4877438719	0.0000000000
0.4879939970	0.0000000000
0.4882441221	0.0000000000
0.4884942471	0.0000000000
0.4887443722	0.0000000000
0.4889944972	0.0000000000
0.4892446223	0.0000000000
0.4894947474	0.0000000000
0.4897448724	0.0000000000
0.4899949975	0.0000000000
0.4902451226	0.0000000000
0.4904952476	0.0000000000
0.4907453727	0.0000000000
0.4909954977	0.0000000000
0.4912456228	0.0000000000
0.4914957479	0.0000000000
0.4917458729	0.0000000000
0.4919959980	0.0000000000
0.4922461231	0.0000000000
0.4924962481	0.0000000000
0.4927463732	0.0000000000
0.4929964982	0.0000000000
0.4932466233	0.0000000000
0.4934967484	0.0000000000
0.4937468734	0.0000000000
0.4939969985	0.0000000000
0.4942471236	0.0000000000
0.4944972486	0.0000000000
0.4947473737	0.0000000000
0.4949974987	0.0000000000
0.4952476238	0.0000000000
0.4954977489	0.0000000000
0.4957478739	0.0000000000
0.4959979990	0.0000000000
0.4962481241	0.0000000000
0.4964982491	0.0000000000
0.4967483742	0.0000000000
0.4969984992	0.0000000000
0.4972486243	0.0000000000
0.4974987494	0.0000000000
0.4977488744	0.0000000000
0.4979989995	0.0000000000
0.4982491246	0.0000000000
0.4984992496	0.0000000000
0.4987493747	0.0000000000
0.4989994997	0.0000000000
0.4992496248	0.0000000000
0.4994997499	0.0000000000
0.4997498749	0.0000000000
0.5000000000	0.0000000000
